source_row_id,original_material_label,candidate_series,response_endpoint_candidate,source_pH_status,dom_status,response_quality_status,source_article_section,source_order_mapping_status,series_evidence
1062,RCWB-P,pH_pattern,Q_e_at_equilibrium_condition,outside_source_reported_3_to_11_range_pH1_requires_source_review,source_supported_zero_DOM_candidate,nonnegative_capacity,2.4_batch_adsorption_experiments,source_order_candidate_pending_figure_or_table_row_confirmation,"source methods and contiguous workbook block order; source reports pH 3--11, initial concentration 1--10 mg/L, 0--8 h, 0--20 mM NaCl, and 0--5 mg AHA/L"
1063,RCWB-P,pH_pattern,Q_e_at_equilibrium_condition,within_source_reported_range,source_supported_zero_DOM_candidate,nonnegative_capacity,2.4_batch_adsorption_experiments,source_order_candidate_pending_figure_or_table_row_confirmation,"source methods and contiguous workbook block order; source reports pH 3--11, initial concentration 1--10 mg/L, 0--8 h, 0--20 mM NaCl, and 0--5 mg AHA/L"
1064,RCWB-P,pH_pattern,Q_e_at_equilibrium_condition,within_source_reported_range,source_supported_zero_DOM_candidate,nonnegative_capacity,2.4_batch_adsorption_experiments,source_order_candidate_pending_figure_or_table_row_confirmation,"source methods and contiguous workbook block order; source reports pH 3--11, initial concentration 1--10 mg/L, 0--8 h, 0--20 mM NaCl, and 0--5 mg AHA/L"
1065,RCWB-P,pH_pattern,Q_e_at_equilibrium_condition,within_source_reported_range,source_supported_zero_DOM_candidate,nonnegative_capacity,2.4_batch_adsorption_experiments,source_order_candidate_pending_figure_or_table_row_confirmation,"source methods and contiguous workbook block order; source reports pH 3--11, initial concentration 1--10 mg/L, 0--8 h, 0--20 mM NaCl, and 0--5 mg AHA/L"
1066,RCWB-P,pH_pattern,Q_e_at_equilibrium_condition,within_source_reported_range,source_supported_zero_DOM_candidate,nonnegative_capacity,2.4_batch_adsorption_experiments,source_order_candidate_pending_figure_or_table_row_confirmation,"source methods and contiguous workbook block order; source reports pH 3--11, initial concentration 1--10 mg/L, 0--8 h, 0--20 mM NaCl, and 0--5 mg AHA/L"
1067,RCWB-P,pH_pattern,Q_e_at_equilibrium_condition,within_source_reported_range,source_supported_zero_DOM_candidate,nonnegative_capacity,2.4_batch_adsorption_experiments,source_order_candidate_pending_figure_or_table_row_confirmation,"source methods and contiguous workbook block order; source reports pH 3--11, initial concentration 1--10 mg/L, 0--8 h, 0--20 mM NaCl, and 0--5 mg AHA/L"
1068,RCWB-P,pH_pattern,Q_e_at_equilibrium_condition,outside_source_reported_3_to_11_range_pH1_requires_source_review,source_supported_zero_DOM_candidate,nonnegative_capacity,2.4_batch_adsorption_experiments,source_order_candidate_pending_figure_or_table_row_confirmation,"source methods and contiguous workbook block order; source reports pH 3--11, initial concentration 1--10 mg/L, 0--8 h, 0--20 mM NaCl, and 0--5 mg AHA/L"
1069,RCWB-P,pH_pattern,Q_e_at_equilibrium_condition,within_source_reported_range,source_supported_zero_DOM_candidate,nonnegative_capacity,2.4_batch_adsorption_experiments,source_order_candidate_pending_figure_or_table_row_confirmation,"source methods and contiguous workbook block order; source reports pH 3--11, initial concentration 1--10 mg/L, 0--8 h, 0--20 mM NaCl, and 0--5 mg AHA/L"
1070,RCWB-P,pH_pattern,Q_e_at_equilibrium_condition,within_source_reported_range,source_supported_zero_DOM_candidate,nonnegative_capacity,2.4_batch_adsorption_experiments,source_order_candidate_pending_figure_or_table_row_confirmation,"source methods and contiguous workbook block order; source reports pH 3--11, initial concentration 1--10 mg/L, 0--8 h, 0--20 mM NaCl, and 0--5 mg AHA/L"
1071,RCWB-P,pH_pattern,Q_e_at_equilibrium_condition,within_source_reported_range,source_supported_zero_DOM_candidate,nonnegative_capacity,2.4_batch_adsorption_experiments,source_order_candidate_pending_figure_or_table_row_confirmation,"source methods and contiguous workbook block order; source reports pH 3--11, initial concentration 1--10 mg/L, 0--8 h, 0--20 mM NaCl, and 0--5 mg AHA/L"
1072,RCWB-P,pH_pattern,Q_e_at_equilibrium_condition,within_source_reported_range,source_supported_zero_DOM_candidate,nonnegative_capacity,2.4_batch_adsorption_experiments,source_order_candidate_pending_figure_or_table_row_confirmation,"source methods and contiguous workbook block order; source reports pH 3--11, initial concentration 1--10 mg/L, 0--8 h, 0--20 mM NaCl, and 0--5 mg AHA/L"
1073,RCWB-P,pH_pattern,Q_e_at_equilibrium_condition,within_source_reported_range,source_supported_zero_DOM_candidate,nonnegative_capacity,2.4_batch_adsorption_experiments,source_order_candidate_pending_figure_or_table_row_confirmation,"source methods and contiguous workbook block order; source reports pH 3--11, initial concentration 1--10 mg/L, 0--8 h, 0--20 mM NaCl, and 0--5 mg AHA/L"
1074,RCWB-P,pH_pattern,Q_e_at_equilibrium_condition,outside_source_reported_3_to_11_range_pH1_requires_source_review,source_supported_zero_DOM_candidate,nonnegative_capacity,2.4_batch_adsorption_experiments,source_order_candidate_pending_figure_or_table_row_confirmation,"source methods and contiguous workbook block order; source reports pH 3--11, initial concentration 1--10 mg/L, 0--8 h, 0--20 mM NaCl, and 0--5 mg AHA/L"
1075,RCWB-P,pH_pattern,Q_e_at_equilibrium_condition,within_source_reported_range,source_supported_zero_DOM_candidate,nonnegative_capacity,2.4_batch_adsorption_experiments,source_order_candidate_pending_figure_or_table_row_confirmation,"source methods and contiguous workbook block order; source reports pH 3--11, initial concentration 1--10 mg/L, 0--8 h, 0--20 mM NaCl, and 0--5 mg AHA/L"
1076,RCWB-P,pH_pattern,Q_e_at_equilibrium_condition,within_source_reported_range,source_supported_zero_DOM_candidate,nonnegative_capacity,2.4_batch_adsorption_experiments,source_order_candidate_pending_figure_or_table_row_confirmation,"source methods and contiguous workbook block order; source reports pH 3--11, initial concentration 1--10 mg/L, 0--8 h, 0--20 mM NaCl, and 0--5 mg AHA/L"
1077,RCWB-P,pH_pattern,Q_e_at_equilibrium_condition,within_source_reported_range,source_supported_zero_DOM_candidate,nonnegative_capacity,2.4_batch_adsorption_experiments,source_order_candidate_pending_figure_or_table_row_confirmation,"source methods and contiguous workbook block order; source reports pH 3--11, initial concentration 1--10 mg/L, 0--8 h, 0--20 mM NaCl, and 0--5 mg AHA/L"
1078,RCWB-P,pH_pattern,Q_e_at_equilibrium_condition,within_source_reported_range,source_supported_zero_DOM_candidate,nonnegative_capacity,2.4_batch_adsorption_experiments,source_order_candidate_pending_figure_or_table_row_confirmation,"source methods and contiguous workbook block order; source reports pH 3--11, initial concentration 1--10 mg/L, 0--8 h, 0--20 mM NaCl, and 0--5 mg AHA/L"
1079,RCWB-P,pH_pattern,Q_e_at_equilibrium_condition,within_source_reported_range,source_supported_zero_DOM_candidate,nonnegative_capacity,2.4_batch_adsorption_experiments,source_order_candidate_pending_figure_or_table_row_confirmation,"source methods and contiguous workbook block order; source reports pH 3--11, initial concentration 1--10 mg/L, 0--8 h, 0--20 mM NaCl, and 0--5 mg AHA/L"
1080,RCWB-HP,pH_pattern,Q_e_at_equilibrium_condition,outside_source_reported_3_to_11_range_pH1_requires_source_review,source_supported_zero_DOM_candidate,nonnegative_capacity,2.4_batch_adsorption_experiments,source_order_candidate_pending_figure_or_table_row_confirmation,"source methods and contiguous workbook block order; source reports pH 3--11, initial concentration 1--10 mg/L, 0--8 h, 0--20 mM NaCl, and 0--5 mg AHA/L"
1081,RCWB-HP,pH_pattern,Q_e_at_equilibrium_condition,within_source_reported_range,source_supported_zero_DOM_candidate,nonnegative_capacity,2.4_batch_adsorption_experiments,source_order_candidate_pending_figure_or_table_row_confirmation,"source methods and contiguous workbook block order; source reports pH 3--11, initial concentration 1--10 mg/L, 0--8 h, 0--20 mM NaCl, and 0--5 mg AHA/L"
1082,RCWB-HP,pH_pattern,Q_e_at_equilibrium_condition,within_source_reported_range,source_supported_zero_DOM_candidate,nonnegative_capacity,2.4_batch_adsorption_experiments,source_order_candidate_pending_figure_or_table_row_confirmation,"source methods and contiguous workbook block order; source reports pH 3--11, initial concentration 1--10 mg/L, 0--8 h, 0--20 mM NaCl, and 0--5 mg AHA/L"
1083,RCWB-HP,pH_pattern,Q_e_at_equilibrium_condition,within_source_reported_range,source_supported_zero_DOM_candidate,nonnegative_capacity,2.4_batch_adsorption_experiments,source_order_candidate_pending_figure_or_table_row_confirmation,"source methods and contiguous workbook block order; source reports pH 3--11, initial concentration 1--10 mg/L, 0--8 h, 0--20 mM NaCl, and 0--5 mg AHA/L"
1084,RCWB-HP,pH_pattern,Q_e_at_equilibrium_condition,within_source_reported_range,source_supported_zero_DOM_candidate,nonnegative_capacity,2.4_batch_adsorption_experiments,source_order_candidate_pending_figure_or_table_row_confirmation,"source methods and contiguous workbook block order; source reports pH 3--11, initial concentration 1--10 mg/L, 0--8 h, 0--20 mM NaCl, and 0--5 mg AHA/L"
1085,RCWB-HP,pH_pattern,Q_e_at_equilibrium_condition,within_source_reported_range,source_supported_zero_DOM_candidate,nonnegative_capacity,2.4_batch_adsorption_experiments,source_order_candidate_pending_figure_or_table_row_confirmation,"source methods and contiguous workbook block order; source reports pH 3--11, initial concentration 1--10 mg/L, 0--8 h, 0--20 mM NaCl, and 0--5 mg AHA/L"
1086,RCWB-HP,pH_pattern,Q_e_at_equilibrium_condition,outside_source_reported_3_to_11_range_pH1_requires_source_review,source_supported_zero_DOM_candidate,nonnegative_capacity,2.4_batch_adsorption_experiments,source_order_candidate_pending_figure_or_table_row_confirmation,"source methods and contiguous workbook block order; source reports pH 3--11, initial concentration 1--10 mg/L, 0--8 h, 0--20 mM NaCl, and 0--5 mg AHA/L"
1087,RCWB-HP,pH_pattern,Q_e_at_equilibrium_condition,within_source_reported_range,source_supported_zero_DOM_candidate,nonnegative_capacity,2.4_batch_adsorption_experiments,source_order_candidate_pending_figure_or_table_row_confirmation,"source methods and contiguous workbook block order; source reports pH 3--11, initial concentration 1--10 mg/L, 0--8 h, 0--20 mM NaCl, and 0--5 mg AHA/L"
1088,RCWB-HP,pH_pattern,Q_e_at_equilibrium_condition,within_source_reported_range,source_supported_zero_DOM_candidate,nonnegative_capacity,2.4_batch_adsorption_experiments,source_order_candidate_pending_figure_or_table_row_confirmation,"source methods and contiguous workbook block order; source reports pH 3--11, initial concentration 1--10 mg/L, 0--8 h, 0--20 mM NaCl, and 0--5 mg AHA/L"
1089,RCWB-HP,pH_pattern,Q_e_at_equilibrium_condition,within_source_reported_range,source_supported_zero_DOM_candidate,nonnegative_capacity,2.4_batch_adsorption_experiments,source_order_candidate_pending_figure_or_table_row_confirmation,"source methods and contiguous workbook block order; source reports pH 3--11, initial concentration 1--10 mg/L, 0--8 h, 0--20 mM NaCl, and 0--5 mg AHA/L"
1090,RCWB-HP,pH_pattern,Q_e_at_equilibrium_condition,within_source_reported_range,source_supported_zero_DOM_candidate,nonnegative_capacity,2.4_batch_adsorption_experiments,source_order_candidate_pending_figure_or_table_row_confirmation,"source methods and contiguous workbook block order; source reports pH 3--11, initial concentration 1--10 mg/L, 0--8 h, 0--20 mM NaCl, and 0--5 mg AHA/L"
1091,RCWB-HP,pH_pattern,Q_e_at_equilibrium_condition,within_source_reported_range,source_supported_zero_DOM_candidate,nonnegative_capacity,2.4_batch_adsorption_experiments,source_order_candidate_pending_figure_or_table_row_confirmation,"source methods and contiguous workbook block order; source reports pH 3--11, initial concentration 1--10 mg/L, 0--8 h, 0--20 mM NaCl, and 0--5 mg AHA/L"
1092,RCWB-HP,pH_pattern,Q_e_at_equilibrium_condition,outside_source_reported_3_to_11_range_pH1_requires_source_review,source_supported_zero_DOM_candidate,nonnegative_capacity,2.4_batch_adsorption_experiments,source_order_candidate_pending_figure_or_table_row_confirmation,"source methods and contiguous workbook block order; source reports pH 3--11, initial concentration 1--10 mg/L, 0--8 h, 0--20 mM NaCl, and 0--5 mg AHA/L"
1093,RCWB-HP,pH_pattern,Q_e_at_equilibrium_condition,within_source_reported_range,source_supported_zero_DOM_candidate,nonnegative_capacity,2.4_batch_adsorption_experiments,source_order_candidate_pending_figure_or_table_row_confirmation,"source methods and contiguous workbook block order; source reports pH 3--11, initial concentration 1--10 mg/L, 0--8 h, 0--20 mM NaCl, and 0--5 mg AHA/L"
1094,RCWB-HP,pH_pattern,Q_e_at_equilibrium_condition,within_source_reported_range,source_supported_zero_DOM_candidate,nonnegative_capacity,2.4_batch_adsorption_experiments,source_order_candidate_pending_figure_or_table_row_confirmation,"source methods and contiguous workbook block order; source reports pH 3--11, initial concentration 1--10 mg/L, 0--8 h, 0--20 mM NaCl, and 0--5 mg AHA/L"
1095,RCWB-HP,pH_pattern,Q_e_at_equilibrium_condition,within_source_reported_range,source_supported_zero_DOM_candidate,nonnegative_capacity,2.4_batch_adsorption_experiments,source_order_candidate_pending_figure_or_table_row_confirmation,"source methods and contiguous workbook block order; source reports pH 3--11, initial concentration 1--10 mg/L, 0--8 h, 0--20 mM NaCl, and 0--5 mg AHA/L"
1096,RCWB-HP,pH_pattern,Q_e_at_equilibrium_condition,within_source_reported_range,source_supported_zero_DOM_candidate,nonnegative_capacity,2.4_batch_adsorption_experiments,source_order_candidate_pending_figure_or_table_row_confirmation,"source methods and contiguous workbook block order; source reports pH 3--11, initial concentration 1--10 mg/L, 0--8 h, 0--20 mM NaCl, and 0--5 mg AHA/L"
1097,RCWB-HP,pH_pattern,Q_e_at_equilibrium_condition,within_source_reported_range,source_supported_zero_DOM_candidate,nonnegative_capacity,2.4_batch_adsorption_experiments,source_order_candidate_pending_figure_or_table_row_confirmation,"source methods and contiguous workbook block order; source reports pH 3--11, initial concentration 1--10 mg/L, 0--8 h, 0--20 mM NaCl, and 0--5 mg AHA/L"
1098,RCWB-NHP,pH_pattern,Q_e_at_equilibrium_condition,outside_source_reported_3_to_11_range_pH1_requires_source_review,source_supported_zero_DOM_candidate,nonnegative_capacity,2.4_batch_adsorption_experiments,source_order_candidate_pending_figure_or_table_row_confirmation,"source methods and contiguous workbook block order; source reports pH 3--11, initial concentration 1--10 mg/L, 0--8 h, 0--20 mM NaCl, and 0--5 mg AHA/L"
1099,RCWB-NHP,pH_pattern,Q_e_at_equilibrium_condition,within_source_reported_range,source_supported_zero_DOM_candidate,nonnegative_capacity,2.4_batch_adsorption_experiments,source_order_candidate_pending_figure_or_table_row_confirmation,"source methods and contiguous workbook block order; source reports pH 3--11, initial concentration 1--10 mg/L, 0--8 h, 0--20 mM NaCl, and 0--5 mg AHA/L"
1100,RCWB-NHP,pH_pattern,Q_e_at_equilibrium_condition,within_source_reported_range,source_supported_zero_DOM_candidate,nonnegative_capacity,2.4_batch_adsorption_experiments,source_order_candidate_pending_figure_or_table_row_confirmation,"source methods and contiguous workbook block order; source reports pH 3--11, initial concentration 1--10 mg/L, 0--8 h, 0--20 mM NaCl, and 0--5 mg AHA/L"
1101,RCWB-NHP,pH_pattern,Q_e_at_equilibrium_condition,within_source_reported_range,source_supported_zero_DOM_candidate,nonnegative_capacity,2.4_batch_adsorption_experiments,source_order_candidate_pending_figure_or_table_row_confirmation,"source methods and contiguous workbook block order; source reports pH 3--11, initial concentration 1--10 mg/L, 0--8 h, 0--20 mM NaCl, and 0--5 mg AHA/L"
1102,RCWB-NHP,pH_pattern,Q_e_at_equilibrium_condition,within_source_reported_range,source_supported_zero_DOM_candidate,nonnegative_capacity,2.4_batch_adsorption_experiments,source_order_candidate_pending_figure_or_table_row_confirmation,"source methods and contiguous workbook block order; source reports pH 3--11, initial concentration 1--10 mg/L, 0--8 h, 0--20 mM NaCl, and 0--5 mg AHA/L"
1103,RCWB-NHP,pH_pattern,Q_e_at_equilibrium_condition,within_source_reported_range,source_supported_zero_DOM_candidate,nonnegative_capacity,2.4_batch_adsorption_experiments,source_order_candidate_pending_figure_or_table_row_confirmation,"source methods and contiguous workbook block order; source reports pH 3--11, initial concentration 1--10 mg/L, 0--8 h, 0--20 mM NaCl, and 0--5 mg AHA/L"
1104,RCWB-NHP,pH_pattern,Q_e_at_equilibrium_condition,outside_source_reported_3_to_11_range_pH1_requires_source_review,source_supported_zero_DOM_candidate,nonnegative_capacity,2.4_batch_adsorption_experiments,source_order_candidate_pending_figure_or_table_row_confirmation,"source methods and contiguous workbook block order; source reports pH 3--11, initial concentration 1--10 mg/L, 0--8 h, 0--20 mM NaCl, and 0--5 mg AHA/L"
1105,RCWB-NHP,pH_pattern,Q_e_at_equilibrium_condition,within_source_reported_range,source_supported_zero_DOM_candidate,nonnegative_capacity,2.4_batch_adsorption_experiments,source_order_candidate_pending_figure_or_table_row_confirmation,"source methods and contiguous workbook block order; source reports pH 3--11, initial concentration 1--10 mg/L, 0--8 h, 0--20 mM NaCl, and 0--5 mg AHA/L"
1106,RCWB-NHP,pH_pattern,Q_e_at_equilibrium_condition,within_source_reported_range,source_supported_zero_DOM_candidate,nonnegative_capacity,2.4_batch_adsorption_experiments,source_order_candidate_pending_figure_or_table_row_confirmation,"source methods and contiguous workbook block order; source reports pH 3--11, initial concentration 1--10 mg/L, 0--8 h, 0--20 mM NaCl, and 0--5 mg AHA/L"
1107,RCWB-NHP,pH_pattern,Q_e_at_equilibrium_condition,within_source_reported_range,source_supported_zero_DOM_candidate,nonnegative_capacity,2.4_batch_adsorption_experiments,source_order_candidate_pending_figure_or_table_row_confirmation,"source methods and contiguous workbook block order; source reports pH 3--11, initial concentration 1--10 mg/L, 0--8 h, 0--20 mM NaCl, and 0--5 mg AHA/L"
1108,RCWB-NHP,pH_pattern,Q_e_at_equilibrium_condition,within_source_reported_range,source_supported_zero_DOM_candidate,nonnegative_capacity,2.4_batch_adsorption_experiments,source_order_candidate_pending_figure_or_table_row_confirmation,"source methods and contiguous workbook block order; source reports pH 3--11, initial concentration 1--10 mg/L, 0--8 h, 0--20 mM NaCl, and 0--5 mg AHA/L"
1109,RCWB-NHP,pH_pattern,Q_e_at_equilibrium_condition,within_source_reported_range,source_supported_zero_DOM_candidate,nonnegative_capacity,2.4_batch_adsorption_experiments,source_order_candidate_pending_figure_or_table_row_confirmation,"source methods and contiguous workbook block order; source reports pH 3--11, initial concentration 1--10 mg/L, 0--8 h, 0--20 mM NaCl, and 0--5 mg AHA/L"
1110,RCWB-NHP,pH_pattern,Q_e_at_equilibrium_condition,outside_source_reported_3_to_11_range_pH1_requires_source_review,source_supported_zero_DOM_candidate,nonnegative_capacity,2.4_batch_adsorption_experiments,source_order_candidate_pending_figure_or_table_row_confirmation,"source methods and contiguous workbook block order; source reports pH 3--11, initial concentration 1--10 mg/L, 0--8 h, 0--20 mM NaCl, and 0--5 mg AHA/L"
1111,RCWB-NHP,pH_pattern,Q_e_at_equilibrium_condition,within_source_reported_range,source_supported_zero_DOM_candidate,nonnegative_capacity,2.4_batch_adsorption_experiments,source_order_candidate_pending_figure_or_table_row_confirmation,"source methods and contiguous workbook block order; source reports pH 3--11, initial concentration 1--10 mg/L, 0--8 h, 0--20 mM NaCl, and 0--5 mg AHA/L"
1112,RCWB-NHP,pH_pattern,Q_e_at_equilibrium_condition,within_source_reported_range,source_supported_zero_DOM_candidate,nonnegative_capacity,2.4_batch_adsorption_experiments,source_order_candidate_pending_figure_or_table_row_confirmation,"source methods and contiguous workbook block order; source reports pH 3--11, initial concentration 1--10 mg/L, 0--8 h, 0--20 mM NaCl, and 0--5 mg AHA/L"
1113,RCWB-NHP,pH_pattern,Q_e_at_equilibrium_condition,within_source_reported_range,source_supported_zero_DOM_candidate,nonnegative_capacity,2.4_batch_adsorption_experiments,source_order_candidate_pending_figure_or_table_row_confirmation,"source methods and contiguous workbook block order; source reports pH 3--11, initial concentration 1--10 mg/L, 0--8 h, 0--20 mM NaCl, and 0--5 mg AHA/L"
1114,RCWB-NHP,pH_pattern,Q_e_at_equilibrium_condition,within_source_reported_range,source_supported_zero_DOM_candidate,nonnegative_capacity,2.4_batch_adsorption_experiments,source_order_candidate_pending_figure_or_table_row_confirmation,"source methods and contiguous workbook block order; source reports pH 3--11, initial concentration 1--10 mg/L, 0--8 h, 0--20 mM NaCl, and 0--5 mg AHA/L"
1115,RCWB-NHP,pH_pattern,Q_e_at_equilibrium_condition,within_source_reported_range,source_supported_zero_DOM_candidate,nonnegative_capacity,2.4_batch_adsorption_experiments,source_order_candidate_pending_figure_or_table_row_confirmation,"source methods and contiguous workbook block order; source reports pH 3--11, initial concentration 1--10 mg/L, 0--8 h, 0--20 mM NaCl, and 0--5 mg AHA/L"
1116,RCWB-P,kinetics_pattern,Q_t_at_recorded_contact_time,within_source_reported_range,source_supported_zero_DOM_candidate,nonnegative_capacity,2.4_batch_adsorption_experiments,source_order_candidate_pending_figure_or_table_row_confirmation,"source methods and contiguous workbook block order; source reports pH 3--11, initial concentration 1--10 mg/L, 0--8 h, 0--20 mM NaCl, and 0--5 mg AHA/L"
1117,RCWB-P,kinetics_pattern,Q_t_at_recorded_contact_time,within_source_reported_range,source_supported_zero_DOM_candidate,nonnegative_capacity,2.4_batch_adsorption_experiments,source_order_candidate_pending_figure_or_table_row_confirmation,"source methods and contiguous workbook block order; source reports pH 3--11, initial concentration 1--10 mg/L, 0--8 h, 0--20 mM NaCl, and 0--5 mg AHA/L"
1118,RCWB-P,kinetics_pattern,Q_t_at_recorded_contact_time,within_source_reported_range,source_supported_zero_DOM_candidate,nonnegative_capacity,2.4_batch_adsorption_experiments,source_order_candidate_pending_figure_or_table_row_confirmation,"source methods and contiguous workbook block order; source reports pH 3--11, initial concentration 1--10 mg/L, 0--8 h, 0--20 mM NaCl, and 0--5 mg AHA/L"
1119,RCWB-P,kinetics_pattern,Q_t_at_recorded_contact_time,within_source_reported_range,source_supported_zero_DOM_candidate,nonnegative_capacity,2.4_batch_adsorption_experiments,source_order_candidate_pending_figure_or_table_row_confirmation,"source methods and contiguous workbook block order; source reports pH 3--11, initial concentration 1--10 mg/L, 0--8 h, 0--20 mM NaCl, and 0--5 mg AHA/L"
1120,RCWB-P,kinetics_pattern,Q_t_at_recorded_contact_time,within_source_reported_range,source_supported_zero_DOM_candidate,nonnegative_capacity,2.4_batch_adsorption_experiments,source_order_candidate_pending_figure_or_table_row_confirmation,"source methods and contiguous workbook block order; source reports pH 3--11, initial concentration 1--10 mg/L, 0--8 h, 0--20 mM NaCl, and 0--5 mg AHA/L"
1121,RCWB-P,kinetics_pattern,Q_t_at_recorded_contact_time,within_source_reported_range,source_supported_zero_DOM_candidate,nonnegative_capacity,2.4_batch_adsorption_experiments,source_order_candidate_pending_figure_or_table_row_confirmation,"source methods and contiguous workbook block order; source reports pH 3--11, initial concentration 1--10 mg/L, 0--8 h, 0--20 mM NaCl, and 0--5 mg AHA/L"
1122,RCWB-P,kinetics_pattern,Q_t_at_recorded_contact_time,within_source_reported_range,source_supported_zero_DOM_candidate,nonnegative_capacity,2.4_batch_adsorption_experiments,source_order_candidate_pending_figure_or_table_row_confirmation,"source methods and contiguous workbook block order; source reports pH 3--11, initial concentration 1--10 mg/L, 0--8 h, 0--20 mM NaCl, and 0--5 mg AHA/L"
1123,RCWB-P,kinetics_pattern,Q_t_at_recorded_contact_time,within_source_reported_range,source_supported_zero_DOM_candidate,nonnegative_capacity,2.4_batch_adsorption_experiments,source_order_candidate_pending_figure_or_table_row_confirmation,"source methods and contiguous workbook block order; source reports pH 3--11, initial concentration 1--10 mg/L, 0--8 h, 0--20 mM NaCl, and 0--5 mg AHA/L"
1124,RCWB-P,kinetics_pattern,Q_t_at_recorded_contact_time,within_source_reported_range,source_supported_zero_DOM_candidate,nonnegative_capacity,2.4_batch_adsorption_experiments,source_order_candidate_pending_figure_or_table_row_confirmation,"source methods and contiguous workbook block order; source reports pH 3--11, initial concentration 1--10 mg/L, 0--8 h, 0--20 mM NaCl, and 0--5 mg AHA/L"
1125,RCWB-P,kinetics_pattern,Q_t_at_recorded_contact_time,within_source_reported_range,source_supported_zero_DOM_candidate,nonnegative_capacity,2.4_batch_adsorption_experiments,source_order_candidate_pending_figure_or_table_row_confirmation,"source methods and contiguous workbook block order; source reports pH 3--11, initial concentration 1--10 mg/L, 0--8 h, 0--20 mM NaCl, and 0--5 mg AHA/L"
1126,RCWB-P,kinetics_pattern,Q_t_at_recorded_contact_time,within_source_reported_range,source_supported_zero_DOM_candidate,nonnegative_capacity,2.4_batch_adsorption_experiments,source_order_candidate_pending_figure_or_table_row_confirmation,"source methods and contiguous workbook block order; source reports pH 3--11, initial concentration 1--10 mg/L, 0--8 h, 0--20 mM NaCl, and 0--5 mg AHA/L"
1127,RCWB-P,kinetics_pattern,Q_t_at_recorded_contact_time,within_source_reported_range,source_supported_zero_DOM_candidate,nonnegative_capacity,2.4_batch_adsorption_experiments,source_order_candidate_pending_figure_or_table_row_confirmation,"source methods and contiguous workbook block order; source reports pH 3--11, initial concentration 1--10 mg/L, 0--8 h, 0--20 mM NaCl, and 0--5 mg AHA/L"
1128,RCWB-P,kinetics_pattern,Q_t_at_recorded_contact_time,within_source_reported_range,source_supported_zero_DOM_candidate,nonnegative_capacity,2.4_batch_adsorption_experiments,source_order_candidate_pending_figure_or_table_row_confirmation,"source methods and contiguous workbook block order; source reports pH 3--11, initial concentration 1--10 mg/L, 0--8 h, 0--20 mM NaCl, and 0--5 mg AHA/L"
1129,RCWB-P,kinetics_pattern,Q_t_at_recorded_contact_time,within_source_reported_range,source_supported_zero_DOM_candidate,nonnegative_capacity,2.4_batch_adsorption_experiments,source_order_candidate_pending_figure_or_table_row_confirmation,"source methods and contiguous workbook block order; source reports pH 3--11, initial concentration 1--10 mg/L, 0--8 h, 0--20 mM NaCl, and 0--5 mg AHA/L"
1130,RCWB-P,kinetics_pattern,Q_t_at_recorded_contact_time,within_source_reported_range,source_supported_zero_DOM_candidate,nonnegative_capacity,2.4_batch_adsorption_experiments,source_order_candidate_pending_figure_or_table_row_confirmation,"source methods and contiguous workbook block order; source reports pH 3--11, initial concentration 1--10 mg/L, 0--8 h, 0--20 mM NaCl, and 0--5 mg AHA/L"
1131,RCWB-P,kinetics_pattern,Q_t_at_recorded_contact_time,within_source_reported_range,source_supported_zero_DOM_candidate,nonnegative_capacity,2.4_batch_adsorption_experiments,source_order_candidate_pending_figure_or_table_row_confirmation,"source methods and contiguous workbook block order; source reports pH 3--11, initial concentration 1--10 mg/L, 0--8 h, 0--20 mM NaCl, and 0--5 mg AHA/L"
1132,RCWB-P,kinetics_pattern,Q_t_at_recorded_contact_time,within_source_reported_range,source_supported_zero_DOM_candidate,nonnegative_capacity,2.4_batch_adsorption_experiments,source_order_candidate_pending_figure_or_table_row_confirmation,"source methods and contiguous workbook block order; source reports pH 3--11, initial concentration 1--10 mg/L, 0--8 h, 0--20 mM NaCl, and 0--5 mg AHA/L"
1133,RCWB-P,kinetics_pattern,Q_t_at_recorded_contact_time,within_source_reported_range,source_supported_zero_DOM_candidate,nonnegative_capacity,2.4_batch_adsorption_experiments,source_order_candidate_pending_figure_or_table_row_confirmation,"source methods and contiguous workbook block order; source reports pH 3--11, initial concentration 1--10 mg/L, 0--8 h, 0--20 mM NaCl, and 0--5 mg AHA/L"
1134,RCWB-P,kinetics_pattern,Q_t_at_recorded_contact_time,within_source_reported_range,source_supported_zero_DOM_candidate,nonnegative_capacity,2.4_batch_adsorption_experiments,source_order_candidate_pending_figure_or_table_row_confirmation,"source methods and contiguous workbook block order; source reports pH 3--11, initial concentration 1--10 mg/L, 0--8 h, 0--20 mM NaCl, and 0--5 mg AHA/L"
1135,RCWB-P,kinetics_pattern,Q_t_at_recorded_contact_time,within_source_reported_range,source_supported_zero_DOM_candidate,nonnegative_capacity,2.4_batch_adsorption_experiments,source_order_candidate_pending_figure_or_table_row_confirmation,"source methods and contiguous workbook block order; source reports pH 3--11, initial concentration 1--10 mg/L, 0--8 h, 0--20 mM NaCl, and 0--5 mg AHA/L"
1136,RCWB-P,kinetics_pattern,Q_t_at_recorded_contact_time,within_source_reported_range,source_supported_zero_DOM_candidate,nonnegative_capacity,2.4_batch_adsorption_experiments,source_order_candidate_pending_figure_or_table_row_confirmation,"source methods and contiguous workbook block order; source reports pH 3--11, initial concentration 1--10 mg/L, 0--8 h, 0--20 mM NaCl, and 0--5 mg AHA/L"
1137,RCWB-P,kinetics_pattern,Q_t_at_recorded_contact_time,within_source_reported_range,source_supported_zero_DOM_candidate,nonnegative_capacity,2.4_batch_adsorption_experiments,source_order_candidate_pending_figure_or_table_row_confirmation,"source methods and contiguous workbook block order; source reports pH 3--11, initial concentration 1--10 mg/L, 0--8 h, 0--20 mM NaCl, and 0--5 mg AHA/L"
1138,RCWB-P,kinetics_pattern,Q_t_at_recorded_contact_time,within_source_reported_range,source_supported_zero_DOM_candidate,nonnegative_capacity,2.4_batch_adsorption_experiments,source_order_candidate_pending_figure_or_table_row_confirmation,"source methods and contiguous workbook block order; source reports pH 3--11, initial concentration 1--10 mg/L, 0--8 h, 0--20 mM NaCl, and 0--5 mg AHA/L"
1139,RCWB-P,kinetics_pattern,Q_t_at_recorded_contact_time,within_source_reported_range,source_supported_zero_DOM_candidate,nonnegative_capacity,2.4_batch_adsorption_experiments,source_order_candidate_pending_figure_or_table_row_confirmation,"source methods and contiguous workbook block order; source reports pH 3--11, initial concentration 1--10 mg/L, 0--8 h, 0--20 mM NaCl, and 0--5 mg AHA/L"
1140,RCWB-HP,kinetics_pattern,Q_t_at_recorded_contact_time,within_source_reported_range,source_supported_zero_DOM_candidate,nonnegative_capacity,2.4_batch_adsorption_experiments,source_order_candidate_pending_figure_or_table_row_confirmation,"source methods and contiguous workbook block order; source reports pH 3--11, initial concentration 1--10 mg/L, 0--8 h, 0--20 mM NaCl, and 0--5 mg AHA/L"
1141,RCWB-HP,kinetics_pattern,Q_t_at_recorded_contact_time,within_source_reported_range,source_supported_zero_DOM_candidate,nonnegative_capacity,2.4_batch_adsorption_experiments,source_order_candidate_pending_figure_or_table_row_confirmation,"source methods and contiguous workbook block order; source reports pH 3--11, initial concentration 1--10 mg/L, 0--8 h, 0--20 mM NaCl, and 0--5 mg AHA/L"
1142,RCWB-HP,kinetics_pattern,Q_t_at_recorded_contact_time,within_source_reported_range,source_supported_zero_DOM_candidate,nonnegative_capacity,2.4_batch_adsorption_experiments,source_order_candidate_pending_figure_or_table_row_confirmation,"source methods and contiguous workbook block order; source reports pH 3--11, initial concentration 1--10 mg/L, 0--8 h, 0--20 mM NaCl, and 0--5 mg AHA/L"
1143,RCWB-HP,kinetics_pattern,Q_t_at_recorded_contact_time,within_source_reported_range,source_supported_zero_DOM_candidate,nonnegative_capacity,2.4_batch_adsorption_experiments,source_order_candidate_pending_figure_or_table_row_confirmation,"source methods and contiguous workbook block order; source reports pH 3--11, initial concentration 1--10 mg/L, 0--8 h, 0--20 mM NaCl, and 0--5 mg AHA/L"
1144,RCWB-HP,kinetics_pattern,Q_t_at_recorded_contact_time,within_source_reported_range,source_supported_zero_DOM_candidate,nonnegative_capacity,2.4_batch_adsorption_experiments,source_order_candidate_pending_figure_or_table_row_confirmation,"source methods and contiguous workbook block order; source reports pH 3--11, initial concentration 1--10 mg/L, 0--8 h, 0--20 mM NaCl, and 0--5 mg AHA/L"
1145,RCWB-HP,kinetics_pattern,Q_t_at_recorded_contact_time,within_source_reported_range,source_supported_zero_DOM_candidate,nonnegative_capacity,2.4_batch_adsorption_experiments,source_order_candidate_pending_figure_or_table_row_confirmation,"source methods and contiguous workbook block order; source reports pH 3--11, initial concentration 1--10 mg/L, 0--8 h, 0--20 mM NaCl, and 0--5 mg AHA/L"
1146,RCWB-HP,kinetics_pattern,Q_t_at_recorded_contact_time,within_source_reported_range,source_supported_zero_DOM_candidate,nonnegative_capacity,2.4_batch_adsorption_experiments,source_order_candidate_pending_figure_or_table_row_confirmation,"source methods and contiguous workbook block order; source reports pH 3--11, initial concentration 1--10 mg/L, 0--8 h, 0--20 mM NaCl, and 0--5 mg AHA/L"
1147,RCWB-HP,kinetics_pattern,Q_t_at_recorded_contact_time,within_source_reported_range,source_supported_zero_DOM_candidate,nonnegative_capacity,2.4_batch_adsorption_experiments,source_order_candidate_pending_figure_or_table_row_confirmation,"source methods and contiguous workbook block order; source reports pH 3--11, initial concentration 1--10 mg/L, 0--8 h, 0--20 mM NaCl, and 0--5 mg AHA/L"
1148,RCWB-HP,kinetics_pattern,Q_t_at_recorded_contact_time,within_source_reported_range,source_supported_zero_DOM_candidate,nonnegative_capacity,2.4_batch_adsorption_experiments,source_order_candidate_pending_figure_or_table_row_confirmation,"source methods and contiguous workbook block order; source reports pH 3--11, initial concentration 1--10 mg/L, 0--8 h, 0--20 mM NaCl, and 0--5 mg AHA/L"
1149,RCWB-HP,kinetics_pattern,Q_t_at_recorded_contact_time,within_source_reported_range,source_supported_zero_DOM_candidate,nonnegative_capacity,2.4_batch_adsorption_experiments,source_order_candidate_pending_figure_or_table_row_confirmation,"source methods and contiguous workbook block order; source reports pH 3--11, initial concentration 1--10 mg/L, 0--8 h, 0--20 mM NaCl, and 0--5 mg AHA/L"
1150,RCWB-HP,kinetics_pattern,Q_t_at_recorded_contact_time,within_source_reported_range,source_supported_zero_DOM_candidate,nonnegative_capacity,2.4_batch_adsorption_experiments,source_order_candidate_pending_figure_or_table_row_confirmation,"source methods and contiguous workbook block order; source reports pH 3--11, initial concentration 1--10 mg/L, 0--8 h, 0--20 mM NaCl, and 0--5 mg AHA/L"
1151,RCWB-HP,kinetics_pattern,Q_t_at_recorded_contact_time,within_source_reported_range,source_supported_zero_DOM_candidate,nonnegative_capacity,2.4_batch_adsorption_experiments,source_order_candidate_pending_figure_or_table_row_confirmation,"source methods and contiguous workbook block order; source reports pH 3--11, initial concentration 1--10 mg/L, 0--8 h, 0--20 mM NaCl, and 0--5 mg AHA/L"
1152,RCWB-HP,kinetics_pattern,Q_t_at_recorded_contact_time,within_source_reported_range,source_supported_zero_DOM_candidate,nonnegative_capacity,2.4_batch_adsorption_experiments,source_order_candidate_pending_figure_or_table_row_confirmation,"source methods and contiguous workbook block order; source reports pH 3--11, initial concentration 1--10 mg/L, 0--8 h, 0--20 mM NaCl, and 0--5 mg AHA/L"
1153,RCWB-HP,kinetics_pattern,Q_t_at_recorded_contact_time,within_source_reported_range,source_supported_zero_DOM_candidate,nonnegative_capacity,2.4_batch_adsorption_experiments,source_order_candidate_pending_figure_or_table_row_confirmation,"source methods and contiguous workbook block order; source reports pH 3--11, initial concentration 1--10 mg/L, 0--8 h, 0--20 mM NaCl, and 0--5 mg AHA/L"
1154,RCWB-HP,kinetics_pattern,Q_t_at_recorded_contact_time,within_source_reported_range,source_supported_zero_DOM_candidate,nonnegative_capacity,2.4_batch_adsorption_experiments,source_order_candidate_pending_figure_or_table_row_confirmation,"source methods and contiguous workbook block order; source reports pH 3--11, initial concentration 1--10 mg/L, 0--8 h, 0--20 mM NaCl, and 0--5 mg AHA/L"
1155,RCWB-HP,kinetics_pattern,Q_t_at_recorded_contact_time,within_source_reported_range,source_supported_zero_DOM_candidate,nonnegative_capacity,2.4_batch_adsorption_experiments,source_order_candidate_pending_figure_or_table_row_confirmation,"source methods and contiguous workbook block order; source reports pH 3--11, initial concentration 1--10 mg/L, 0--8 h, 0--20 mM NaCl, and 0--5 mg AHA/L"
1156,RCWB-HP,kinetics_pattern,Q_t_at_recorded_contact_time,within_source_reported_range,source_supported_zero_DOM_candidate,nonnegative_capacity,2.4_batch_adsorption_experiments,source_order_candidate_pending_figure_or_table_row_confirmation,"source methods and contiguous workbook block order; source reports pH 3--11, initial concentration 1--10 mg/L, 0--8 h, 0--20 mM NaCl, and 0--5 mg AHA/L"
1157,RCWB-HP,kinetics_pattern,Q_t_at_recorded_contact_time,within_source_reported_range,source_supported_zero_DOM_candidate,nonnegative_capacity,2.4_batch_adsorption_experiments,source_order_candidate_pending_figure_or_table_row_confirmation,"source methods and contiguous workbook block order; source reports pH 3--11, initial concentration 1--10 mg/L, 0--8 h, 0--20 mM NaCl, and 0--5 mg AHA/L"
1158,RCWB-HP,kinetics_pattern,Q_t_at_recorded_contact_time,within_source_reported_range,source_supported_zero_DOM_candidate,nonnegative_capacity,2.4_batch_adsorption_experiments,source_order_candidate_pending_figure_or_table_row_confirmation,"source methods and contiguous workbook block order; source reports pH 3--11, initial concentration 1--10 mg/L, 0--8 h, 0--20 mM NaCl, and 0--5 mg AHA/L"
1159,RCWB-HP,kinetics_pattern,Q_t_at_recorded_contact_time,within_source_reported_range,source_supported_zero_DOM_candidate,nonnegative_capacity,2.4_batch_adsorption_experiments,source_order_candidate_pending_figure_or_table_row_confirmation,"source methods and contiguous workbook block order; source reports pH 3--11, initial concentration 1--10 mg/L, 0--8 h, 0--20 mM NaCl, and 0--5 mg AHA/L"
1160,RCWB-HP,kinetics_pattern,Q_t_at_recorded_contact_time,within_source_reported_range,source_supported_zero_DOM_candidate,nonnegative_capacity,2.4_batch_adsorption_experiments,source_order_candidate_pending_figure_or_table_row_confirmation,"source methods and contiguous workbook block order; source reports pH 3--11, initial concentration 1--10 mg/L, 0--8 h, 0--20 mM NaCl, and 0--5 mg AHA/L"
1161,RCWB-HP,kinetics_pattern,Q_t_at_recorded_contact_time,within_source_reported_range,source_supported_zero_DOM_candidate,nonnegative_capacity,2.4_batch_adsorption_experiments,source_order_candidate_pending_figure_or_table_row_confirmation,"source methods and contiguous workbook block order; source reports pH 3--11, initial concentration 1--10 mg/L, 0--8 h, 0--20 mM NaCl, and 0--5 mg AHA/L"
1162,RCWB-HP,kinetics_pattern,Q_t_at_recorded_contact_time,within_source_reported_range,source_supported_zero_DOM_candidate,nonnegative_capacity,2.4_batch_adsorption_experiments,source_order_candidate_pending_figure_or_table_row_confirmation,"source methods and contiguous workbook block order; source reports pH 3--11, initial concentration 1--10 mg/L, 0--8 h, 0--20 mM NaCl, and 0--5 mg AHA/L"
1163,RCWB-HP,kinetics_pattern,Q_t_at_recorded_contact_time,within_source_reported_range,source_supported_zero_DOM_candidate,nonnegative_capacity,2.4_batch_adsorption_experiments,source_order_candidate_pending_figure_or_table_row_confirmation,"source methods and contiguous workbook block order; source reports pH 3--11, initial concentration 1--10 mg/L, 0--8 h, 0--20 mM NaCl, and 0--5 mg AHA/L"
1164,RCWB-NHP,kinetics_pattern,Q_t_at_recorded_contact_time,within_source_reported_range,source_supported_zero_DOM_candidate,nonnegative_capacity,2.4_batch_adsorption_experiments,source_order_candidate_pending_figure_or_table_row_confirmation,"source methods and contiguous workbook block order; source reports pH 3--11, initial concentration 1--10 mg/L, 0--8 h, 0--20 mM NaCl, and 0--5 mg AHA/L"
1165,RCWB-NHP,kinetics_pattern,Q_t_at_recorded_contact_time,within_source_reported_range,source_supported_zero_DOM_candidate,nonnegative_capacity,2.4_batch_adsorption_experiments,source_order_candidate_pending_figure_or_table_row_confirmation,"source methods and contiguous workbook block order; source reports pH 3--11, initial concentration 1--10 mg/L, 0--8 h, 0--20 mM NaCl, and 0--5 mg AHA/L"
1166,RCWB-NHP,kinetics_pattern,Q_t_at_recorded_contact_time,within_source_reported_range,source_supported_zero_DOM_candidate,nonnegative_capacity,2.4_batch_adsorption_experiments,source_order_candidate_pending_figure_or_table_row_confirmation,"source methods and contiguous workbook block order; source reports pH 3--11, initial concentration 1--10 mg/L, 0--8 h, 0--20 mM NaCl, and 0--5 mg AHA/L"
1167,RCWB-NHP,kinetics_pattern,Q_t_at_recorded_contact_time,within_source_reported_range,source_supported_zero_DOM_candidate,nonnegative_capacity,2.4_batch_adsorption_experiments,source_order_candidate_pending_figure_or_table_row_confirmation,"source methods and contiguous workbook block order; source reports pH 3--11, initial concentration 1--10 mg/L, 0--8 h, 0--20 mM NaCl, and 0--5 mg AHA/L"
1168,RCWB-NHP,kinetics_pattern,Q_t_at_recorded_contact_time,within_source_reported_range,source_supported_zero_DOM_candidate,nonnegative_capacity,2.4_batch_adsorption_experiments,source_order_candidate_pending_figure_or_table_row_confirmation,"source methods and contiguous workbook block order; source reports pH 3--11, initial concentration 1--10 mg/L, 0--8 h, 0--20 mM NaCl, and 0--5 mg AHA/L"
1169,RCWB-NHP,kinetics_pattern,Q_t_at_recorded_contact_time,within_source_reported_range,source_supported_zero_DOM_candidate,nonnegative_capacity,2.4_batch_adsorption_experiments,source_order_candidate_pending_figure_or_table_row_confirmation,"source methods and contiguous workbook block order; source reports pH 3--11, initial concentration 1--10 mg/L, 0--8 h, 0--20 mM NaCl, and 0--5 mg AHA/L"
1170,RCWB-NHP,kinetics_pattern,Q_t_at_recorded_contact_time,within_source_reported_range,source_supported_zero_DOM_candidate,nonnegative_capacity,2.4_batch_adsorption_experiments,source_order_candidate_pending_figure_or_table_row_confirmation,"source methods and contiguous workbook block order; source reports pH 3--11, initial concentration 1--10 mg/L, 0--8 h, 0--20 mM NaCl, and 0--5 mg AHA/L"
1171,RCWB-NHP,kinetics_pattern,Q_t_at_recorded_contact_time,within_source_reported_range,source_supported_zero_DOM_candidate,nonnegative_capacity,2.4_batch_adsorption_experiments,source_order_candidate_pending_figure_or_table_row_confirmation,"source methods and contiguous workbook block order; source reports pH 3--11, initial concentration 1--10 mg/L, 0--8 h, 0--20 mM NaCl, and 0--5 mg AHA/L"
1172,RCWB-NHP,kinetics_pattern,Q_t_at_recorded_contact_time,within_source_reported_range,source_supported_zero_DOM_candidate,nonnegative_capacity,2.4_batch_adsorption_experiments,source_order_candidate_pending_figure_or_table_row_confirmation,"source methods and contiguous workbook block order; source reports pH 3--11, initial concentration 1--10 mg/L, 0--8 h, 0--20 mM NaCl, and 0--5 mg AHA/L"
1173,RCWB-NHP,kinetics_pattern,Q_t_at_recorded_contact_time,within_source_reported_range,source_supported_zero_DOM_candidate,nonnegative_capacity,2.4_batch_adsorption_experiments,source_order_candidate_pending_figure_or_table_row_confirmation,"source methods and contiguous workbook block order; source reports pH 3--11, initial concentration 1--10 mg/L, 0--8 h, 0--20 mM NaCl, and 0--5 mg AHA/L"
1174,RCWB-NHP,kinetics_pattern,Q_t_at_recorded_contact_time,within_source_reported_range,source_supported_zero_DOM_candidate,nonnegative_capacity,2.4_batch_adsorption_experiments,source_order_candidate_pending_figure_or_table_row_confirmation,"source methods and contiguous workbook block order; source reports pH 3--11, initial concentration 1--10 mg/L, 0--8 h, 0--20 mM NaCl, and 0--5 mg AHA/L"
1175,RCWB-NHP,kinetics_pattern,Q_t_at_recorded_contact_time,within_source_reported_range,source_supported_zero_DOM_candidate,nonnegative_capacity,2.4_batch_adsorption_experiments,source_order_candidate_pending_figure_or_table_row_confirmation,"source methods and contiguous workbook block order; source reports pH 3--11, initial concentration 1--10 mg/L, 0--8 h, 0--20 mM NaCl, and 0--5 mg AHA/L"
1176,RCWB-NHP,kinetics_pattern,Q_t_at_recorded_contact_time,within_source_reported_range,source_supported_zero_DOM_candidate,nonnegative_capacity,2.4_batch_adsorption_experiments,source_order_candidate_pending_figure_or_table_row_confirmation,"source methods and contiguous workbook block order; source reports pH 3--11, initial concentration 1--10 mg/L, 0--8 h, 0--20 mM NaCl, and 0--5 mg AHA/L"
1177,RCWB-NHP,kinetics_pattern,Q_t_at_recorded_contact_time,within_source_reported_range,source_supported_zero_DOM_candidate,nonnegative_capacity,2.4_batch_adsorption_experiments,source_order_candidate_pending_figure_or_table_row_confirmation,"source methods and contiguous workbook block order; source reports pH 3--11, initial concentration 1--10 mg/L, 0--8 h, 0--20 mM NaCl, and 0--5 mg AHA/L"
1178,RCWB-NHP,kinetics_pattern,Q_t_at_recorded_contact_time,within_source_reported_range,source_supported_zero_DOM_candidate,nonnegative_capacity,2.4_batch_adsorption_experiments,source_order_candidate_pending_figure_or_table_row_confirmation,"source methods and contiguous workbook block order; source reports pH 3--11, initial concentration 1--10 mg/L, 0--8 h, 0--20 mM NaCl, and 0--5 mg AHA/L"
1179,RCWB-NHP,kinetics_pattern,Q_t_at_recorded_contact_time,within_source_reported_range,source_supported_zero_DOM_candidate,nonnegative_capacity,2.4_batch_adsorption_experiments,source_order_candidate_pending_figure_or_table_row_confirmation,"source methods and contiguous workbook block order; source reports pH 3--11, initial concentration 1--10 mg/L, 0--8 h, 0--20 mM NaCl, and 0--5 mg AHA/L"
1180,RCWB-NHP,kinetics_pattern,Q_t_at_recorded_contact_time,within_source_reported_range,source_supported_zero_DOM_candidate,nonnegative_capacity,2.4_batch_adsorption_experiments,source_order_candidate_pending_figure_or_table_row_confirmation,"source methods and contiguous workbook block order; source reports pH 3--11, initial concentration 1--10 mg/L, 0--8 h, 0--20 mM NaCl, and 0--5 mg AHA/L"
1181,RCWB-NHP,kinetics_pattern,Q_t_at_recorded_contact_time,within_source_reported_range,source_supported_zero_DOM_candidate,nonnegative_capacity,2.4_batch_adsorption_experiments,source_order_candidate_pending_figure_or_table_row_confirmation,"source methods and contiguous workbook block order; source reports pH 3--11, initial concentration 1--10 mg/L, 0--8 h, 0--20 mM NaCl, and 0--5 mg AHA/L"
1182,RCWB-NHP,kinetics_pattern,Q_t_at_recorded_contact_time,within_source_reported_range,source_supported_zero_DOM_candidate,nonnegative_capacity,2.4_batch_adsorption_experiments,source_order_candidate_pending_figure_or_table_row_confirmation,"source methods and contiguous workbook block order; source reports pH 3--11, initial concentration 1--10 mg/L, 0--8 h, 0--20 mM NaCl, and 0--5 mg AHA/L"
1183,RCWB-NHP,kinetics_pattern,Q_t_at_recorded_contact_time,within_source_reported_range,source_supported_zero_DOM_candidate,nonnegative_capacity,2.4_batch_adsorption_experiments,source_order_candidate_pending_figure_or_table_row_confirmation,"source methods and contiguous workbook block order; source reports pH 3--11, initial concentration 1--10 mg/L, 0--8 h, 0--20 mM NaCl, and 0--5 mg AHA/L"
1184,RCWB-NHP,kinetics_pattern,Q_t_at_recorded_contact_time,within_source_reported_range,source_supported_zero_DOM_candidate,nonnegative_capacity,2.4_batch_adsorption_experiments,source_order_candidate_pending_figure_or_table_row_confirmation,"source methods and contiguous workbook block order; source reports pH 3--11, initial concentration 1--10 mg/L, 0--8 h, 0--20 mM NaCl, and 0--5 mg AHA/L"
1185,RCWB-NHP,kinetics_pattern,Q_t_at_recorded_contact_time,within_source_reported_range,source_supported_zero_DOM_candidate,nonnegative_capacity,2.4_batch_adsorption_experiments,source_order_candidate_pending_figure_or_table_row_confirmation,"source methods and contiguous workbook block order; source reports pH 3--11, initial concentration 1--10 mg/L, 0--8 h, 0--20 mM NaCl, and 0--5 mg AHA/L"
1186,RCWB-NHP,kinetics_pattern,Q_t_at_recorded_contact_time,within_source_reported_range,source_supported_zero_DOM_candidate,nonnegative_capacity,2.4_batch_adsorption_experiments,source_order_candidate_pending_figure_or_table_row_confirmation,"source methods and contiguous workbook block order; source reports pH 3--11, initial concentration 1--10 mg/L, 0--8 h, 0--20 mM NaCl, and 0--5 mg AHA/L"
1187,RCWB-NHP,kinetics_pattern,Q_t_at_recorded_contact_time,within_source_reported_range,source_supported_zero_DOM_candidate,nonnegative_capacity,2.4_batch_adsorption_experiments,source_order_candidate_pending_figure_or_table_row_confirmation,"source methods and contiguous workbook block order; source reports pH 3--11, initial concentration 1--10 mg/L, 0--8 h, 0--20 mM NaCl, and 0--5 mg AHA/L"
1188,RCWB-P,isotherm_pattern,Q_e_at_equilibrium_condition,within_source_reported_range,source_supported_zero_DOM_candidate,nonnegative_capacity,2.4_batch_adsorption_experiments,source_order_candidate_pending_figure_or_table_row_confirmation,"source methods and contiguous workbook block order; source reports pH 3--11, initial concentration 1--10 mg/L, 0--8 h, 0--20 mM NaCl, and 0--5 mg AHA/L"
1189,RCWB-P,isotherm_pattern,Q_e_at_equilibrium_condition,within_source_reported_range,source_supported_zero_DOM_candidate,nonnegative_capacity,2.4_batch_adsorption_experiments,source_order_candidate_pending_figure_or_table_row_confirmation,"source methods and contiguous workbook block order; source reports pH 3--11, initial concentration 1--10 mg/L, 0--8 h, 0--20 mM NaCl, and 0--5 mg AHA/L"
1190,RCWB-P,isotherm_pattern,Q_e_at_equilibrium_condition,within_source_reported_range,source_supported_zero_DOM_candidate,nonnegative_capacity,2.4_batch_adsorption_experiments,source_order_candidate_pending_figure_or_table_row_confirmation,"source methods and contiguous workbook block order; source reports pH 3--11, initial concentration 1--10 mg/L, 0--8 h, 0--20 mM NaCl, and 0--5 mg AHA/L"
1191,RCWB-P,isotherm_pattern,Q_e_at_equilibrium_condition,within_source_reported_range,source_supported_zero_DOM_candidate,nonnegative_capacity,2.4_batch_adsorption_experiments,source_order_candidate_pending_figure_or_table_row_confirmation,"source methods and contiguous workbook block order; source reports pH 3--11, initial concentration 1--10 mg/L, 0--8 h, 0--20 mM NaCl, and 0--5 mg AHA/L"
1192,RCWB-P,isotherm_pattern,Q_e_at_equilibrium_condition,within_source_reported_range,source_supported_zero_DOM_candidate,nonnegative_capacity,2.4_batch_adsorption_experiments,source_order_candidate_pending_figure_or_table_row_confirmation,"source methods and contiguous workbook block order; source reports pH 3--11, initial concentration 1--10 mg/L, 0--8 h, 0--20 mM NaCl, and 0--5 mg AHA/L"
1193,RCWB-P,isotherm_pattern,Q_e_at_equilibrium_condition,within_source_reported_range,source_supported_zero_DOM_candidate,nonnegative_capacity,2.4_batch_adsorption_experiments,source_order_candidate_pending_figure_or_table_row_confirmation,"source methods and contiguous workbook block order; source reports pH 3--11, initial concentration 1--10 mg/L, 0--8 h, 0--20 mM NaCl, and 0--5 mg AHA/L"
1194,RCWB-P,isotherm_pattern,Q_e_at_equilibrium_condition,within_source_reported_range,source_supported_zero_DOM_candidate,nonnegative_capacity,2.4_batch_adsorption_experiments,source_order_candidate_pending_figure_or_table_row_confirmation,"source methods and contiguous workbook block order; source reports pH 3--11, initial concentration 1--10 mg/L, 0--8 h, 0--20 mM NaCl, and 0--5 mg AHA/L"
1195,RCWB-P,isotherm_pattern,Q_e_at_equilibrium_condition,within_source_reported_range,source_supported_zero_DOM_candidate,nonnegative_capacity,2.4_batch_adsorption_experiments,source_order_candidate_pending_figure_or_table_row_confirmation,"source methods and contiguous workbook block order; source reports pH 3--11, initial concentration 1--10 mg/L, 0--8 h, 0--20 mM NaCl, and 0--5 mg AHA/L"
1196,RCWB-P,isotherm_pattern,Q_e_at_equilibrium_condition,within_source_reported_range,source_supported_zero_DOM_candidate,nonnegative_capacity,2.4_batch_adsorption_experiments,source_order_candidate_pending_figure_or_table_row_confirmation,"source methods and contiguous workbook block order; source reports pH 3--11, initial concentration 1--10 mg/L, 0--8 h, 0--20 mM NaCl, and 0--5 mg AHA/L"
1197,RCWB-P,isotherm_pattern,Q_e_at_equilibrium_condition,within_source_reported_range,source_supported_zero_DOM_candidate,nonnegative_capacity,2.4_batch_adsorption_experiments,source_order_candidate_pending_figure_or_table_row_confirmation,"source methods and contiguous workbook block order; source reports pH 3--11, initial concentration 1--10 mg/L, 0--8 h, 0--20 mM NaCl, and 0--5 mg AHA/L"
1198,RCWB-P,isotherm_pattern,Q_e_at_equilibrium_condition,within_source_reported_range,source_supported_zero_DOM_candidate,nonnegative_capacity,2.4_batch_adsorption_experiments,source_order_candidate_pending_figure_or_table_row_confirmation,"source methods and contiguous workbook block order; source reports pH 3--11, initial concentration 1--10 mg/L, 0--8 h, 0--20 mM NaCl, and 0--5 mg AHA/L"
1199,RCWB-P,isotherm_pattern,Q_e_at_equilibrium_condition,within_source_reported_range,source_supported_zero_DOM_candidate,nonnegative_capacity,2.4_batch_adsorption_experiments,source_order_candidate_pending_figure_or_table_row_confirmation,"source methods and contiguous workbook block order; source reports pH 3--11, initial concentration 1--10 mg/L, 0--8 h, 0--20 mM NaCl, and 0--5 mg AHA/L"
1200,RCWB-P,isotherm_pattern,Q_e_at_equilibrium_condition,within_source_reported_range,source_supported_zero_DOM_candidate,nonnegative_capacity,2.4_batch_adsorption_experiments,source_order_candidate_pending_figure_or_table_row_confirmation,"source methods and contiguous workbook block order; source reports pH 3--11, initial concentration 1--10 mg/L, 0--8 h, 0--20 mM NaCl, and 0--5 mg AHA/L"
1201,RCWB-P,isotherm_pattern,Q_e_at_equilibrium_condition,within_source_reported_range,source_supported_zero_DOM_candidate,nonnegative_capacity,2.4_batch_adsorption_experiments,source_order_candidate_pending_figure_or_table_row_confirmation,"source methods and contiguous workbook block order; source reports pH 3--11, initial concentration 1--10 mg/L, 0--8 h, 0--20 mM NaCl, and 0--5 mg AHA/L"
1202,RCWB-P,isotherm_pattern,Q_e_at_equilibrium_condition,within_source_reported_range,source_supported_zero_DOM_candidate,nonnegative_capacity,2.4_batch_adsorption_experiments,source_order_candidate_pending_figure_or_table_row_confirmation,"source methods and contiguous workbook block order; source reports pH 3--11, initial concentration 1--10 mg/L, 0--8 h, 0--20 mM NaCl, and 0--5 mg AHA/L"
1203,RCWB-P,isotherm_pattern,Q_e_at_equilibrium_condition,within_source_reported_range,source_supported_zero_DOM_candidate,nonnegative_capacity,2.4_batch_adsorption_experiments,source_order_candidate_pending_figure_or_table_row_confirmation,"source methods and contiguous workbook block order; source reports pH 3--11, initial concentration 1--10 mg/L, 0--8 h, 0--20 mM NaCl, and 0--5 mg AHA/L"
1204,RCWB-P,isotherm_pattern,Q_e_at_equilibrium_condition,within_source_reported_range,source_supported_zero_DOM_candidate,nonnegative_capacity,2.4_batch_adsorption_experiments,source_order_candidate_pending_figure_or_table_row_confirmation,"source methods and contiguous workbook block order; source reports pH 3--11, initial concentration 1--10 mg/L, 0--8 h, 0--20 mM NaCl, and 0--5 mg AHA/L"
1205,RCWB-P,isotherm_pattern,Q_e_at_equilibrium_condition,within_source_reported_range,source_supported_zero_DOM_candidate,nonnegative_capacity,2.4_batch_adsorption_experiments,source_order_candidate_pending_figure_or_table_row_confirmation,"source methods and contiguous workbook block order; source reports pH 3--11, initial concentration 1--10 mg/L, 0--8 h, 0--20 mM NaCl, and 0--5 mg AHA/L"
1206,RCWB-P,isotherm_pattern,Q_e_at_equilibrium_condition,within_source_reported_range,source_supported_zero_DOM_candidate,nonnegative_capacity,2.4_batch_adsorption_experiments,source_order_candidate_pending_figure_or_table_row_confirmation,"source methods and contiguous workbook block order; source reports pH 3--11, initial concentration 1--10 mg/L, 0--8 h, 0--20 mM NaCl, and 0--5 mg AHA/L"
1207,RCWB-P,isotherm_pattern,Q_e_at_equilibrium_condition,within_source_reported_range,source_supported_zero_DOM_candidate,nonnegative_capacity,2.4_batch_adsorption_experiments,source_order_candidate_pending_figure_or_table_row_confirmation,"source methods and contiguous workbook block order; source reports pH 3--11, initial concentration 1--10 mg/L, 0--8 h, 0--20 mM NaCl, and 0--5 mg AHA/L"
1208,RCWB-P,isotherm_pattern,Q_e_at_equilibrium_condition,within_source_reported_range,source_supported_zero_DOM_candidate,nonnegative_capacity,2.4_batch_adsorption_experiments,source_order_candidate_pending_figure_or_table_row_confirmation,"source methods and contiguous workbook block order; source reports pH 3--11, initial concentration 1--10 mg/L, 0--8 h, 0--20 mM NaCl, and 0--5 mg AHA/L"
1209,RCWB-P,isotherm_pattern,Q_e_at_equilibrium_condition,within_source_reported_range,source_supported_zero_DOM_candidate,nonnegative_capacity,2.4_batch_adsorption_experiments,source_order_candidate_pending_figure_or_table_row_confirmation,"source methods and contiguous workbook block order; source reports pH 3--11, initial concentration 1--10 mg/L, 0--8 h, 0--20 mM NaCl, and 0--5 mg AHA/L"
1210,RCWB-P,isotherm_pattern,Q_e_at_equilibrium_condition,within_source_reported_range,source_supported_zero_DOM_candidate,nonnegative_capacity,2.4_batch_adsorption_experiments,source_order_candidate_pending_figure_or_table_row_confirmation,"source methods and contiguous workbook block order; source reports pH 3--11, initial concentration 1--10 mg/L, 0--8 h, 0--20 mM NaCl, and 0--5 mg AHA/L"
1211,RCWB-P,isotherm_pattern,Q_e_at_equilibrium_condition,within_source_reported_range,source_supported_zero_DOM_candidate,nonnegative_capacity,2.4_batch_adsorption_experiments,source_order_candidate_pending_figure_or_table_row_confirmation,"source methods and contiguous workbook block order; source reports pH 3--11, initial concentration 1--10 mg/L, 0--8 h, 0--20 mM NaCl, and 0--5 mg AHA/L"
1212,RCWB-P,isotherm_pattern,Q_e_at_equilibrium_condition,within_source_reported_range,source_supported_zero_DOM_candidate,nonnegative_capacity,2.4_batch_adsorption_experiments,source_order_candidate_pending_figure_or_table_row_confirmation,"source methods and contiguous workbook block order; source reports pH 3--11, initial concentration 1--10 mg/L, 0--8 h, 0--20 mM NaCl, and 0--5 mg AHA/L"
1213,RCWB-P,isotherm_pattern,Q_e_at_equilibrium_condition,within_source_reported_range,source_supported_zero_DOM_candidate,nonnegative_capacity,2.4_batch_adsorption_experiments,source_order_candidate_pending_figure_or_table_row_confirmation,"source methods and contiguous workbook block order; source reports pH 3--11, initial concentration 1--10 mg/L, 0--8 h, 0--20 mM NaCl, and 0--5 mg AHA/L"
1214,RCWB-P,isotherm_pattern,Q_e_at_equilibrium_condition,within_source_reported_range,source_supported_zero_DOM_candidate,nonnegative_capacity,2.4_batch_adsorption_experiments,source_order_candidate_pending_figure_or_table_row_confirmation,"source methods and contiguous workbook block order; source reports pH 3--11, initial concentration 1--10 mg/L, 0--8 h, 0--20 mM NaCl, and 0--5 mg AHA/L"
1215,RCWB-P,isotherm_pattern,Q_e_at_equilibrium_condition,within_source_reported_range,source_supported_zero_DOM_candidate,nonnegative_capacity,2.4_batch_adsorption_experiments,source_order_candidate_pending_figure_or_table_row_confirmation,"source methods and contiguous workbook block order; source reports pH 3--11, initial concentration 1--10 mg/L, 0--8 h, 0--20 mM NaCl, and 0--5 mg AHA/L"
1216,RCWB-P,isotherm_pattern,Q_e_at_equilibrium_condition,within_source_reported_range,source_supported_zero_DOM_candidate,nonnegative_capacity,2.4_batch_adsorption_experiments,source_order_candidate_pending_figure_or_table_row_confirmation,"source methods and contiguous workbook block order; source reports pH 3--11, initial concentration 1--10 mg/L, 0--8 h, 0--20 mM NaCl, and 0--5 mg AHA/L"
1217,RCWB-P,isotherm_pattern,Q_e_at_equilibrium_condition,within_source_reported_range,source_supported_zero_DOM_candidate,nonnegative_capacity,2.4_batch_adsorption_experiments,source_order_candidate_pending_figure_or_table_row_confirmation,"source methods and contiguous workbook block order; source reports pH 3--11, initial concentration 1--10 mg/L, 0--8 h, 0--20 mM NaCl, and 0--5 mg AHA/L"
1218,RCWB-P,isotherm_pattern,Q_e_at_equilibrium_condition,within_source_reported_range,source_supported_zero_DOM_candidate,nonnegative_capacity,2.4_batch_adsorption_experiments,source_order_candidate_pending_figure_or_table_row_confirmation,"source methods and contiguous workbook block order; source reports pH 3--11, initial concentration 1--10 mg/L, 0--8 h, 0--20 mM NaCl, and 0--5 mg AHA/L"
1219,RCWB-P,isotherm_pattern,Q_e_at_equilibrium_condition,within_source_reported_range,source_supported_zero_DOM_candidate,nonnegative_capacity,2.4_batch_adsorption_experiments,source_order_candidate_pending_figure_or_table_row_confirmation,"source methods and contiguous workbook block order; source reports pH 3--11, initial concentration 1--10 mg/L, 0--8 h, 0--20 mM NaCl, and 0--5 mg AHA/L"
1220,RCWB-P,isotherm_pattern,Q_e_at_equilibrium_condition,within_source_reported_range,source_supported_zero_DOM_candidate,nonnegative_capacity,2.4_batch_adsorption_experiments,source_order_candidate_pending_figure_or_table_row_confirmation,"source methods and contiguous workbook block order; source reports pH 3--11, initial concentration 1--10 mg/L, 0--8 h, 0--20 mM NaCl, and 0--5 mg AHA/L"
1221,RCWB-P,isotherm_pattern,Q_e_at_equilibrium_condition,within_source_reported_range,source_supported_zero_DOM_candidate,nonnegative_capacity,2.4_batch_adsorption_experiments,source_order_candidate_pending_figure_or_table_row_confirmation,"source methods and contiguous workbook block order; source reports pH 3--11, initial concentration 1--10 mg/L, 0--8 h, 0--20 mM NaCl, and 0--5 mg AHA/L"
1222,RCWB-P,isotherm_pattern,Q_e_at_equilibrium_condition,within_source_reported_range,source_supported_zero_DOM_candidate,nonnegative_capacity,2.4_batch_adsorption_experiments,source_order_candidate_pending_figure_or_table_row_confirmation,"source methods and contiguous workbook block order; source reports pH 3--11, initial concentration 1--10 mg/L, 0--8 h, 0--20 mM NaCl, and 0--5 mg AHA/L"
1223,RCWB-P,isotherm_pattern,Q_e_at_equilibrium_condition,within_source_reported_range,source_supported_zero_DOM_candidate,nonnegative_capacity,2.4_batch_adsorption_experiments,source_order_candidate_pending_figure_or_table_row_confirmation,"source methods and contiguous workbook block order; source reports pH 3--11, initial concentration 1--10 mg/L, 0--8 h, 0--20 mM NaCl, and 0--5 mg AHA/L"
1224,RCWB-P,isotherm_pattern,Q_e_at_equilibrium_condition,within_source_reported_range,source_supported_zero_DOM_candidate,nonnegative_capacity,2.4_batch_adsorption_experiments,source_order_candidate_pending_figure_or_table_row_confirmation,"source methods and contiguous workbook block order; source reports pH 3--11, initial concentration 1--10 mg/L, 0--8 h, 0--20 mM NaCl, and 0--5 mg AHA/L"
1225,RCWB-P,isotherm_pattern,Q_e_at_equilibrium_condition,within_source_reported_range,source_supported_zero_DOM_candidate,nonnegative_capacity,2.4_batch_adsorption_experiments,source_order_candidate_pending_figure_or_table_row_confirmation,"source methods and contiguous workbook block order; source reports pH 3--11, initial concentration 1--10 mg/L, 0--8 h, 0--20 mM NaCl, and 0--5 mg AHA/L"
1226,RCWB-P,isotherm_pattern,Q_e_at_equilibrium_condition,within_source_reported_range,source_supported_zero_DOM_candidate,nonnegative_capacity,2.4_batch_adsorption_experiments,source_order_candidate_pending_figure_or_table_row_confirmation,"source methods and contiguous workbook block order; source reports pH 3--11, initial concentration 1--10 mg/L, 0--8 h, 0--20 mM NaCl, and 0--5 mg AHA/L"
1227,RCWB-P,isotherm_pattern,Q_e_at_equilibrium_condition,within_source_reported_range,source_supported_zero_DOM_candidate,nonnegative_capacity,2.4_batch_adsorption_experiments,source_order_candidate_pending_figure_or_table_row_confirmation,"source methods and contiguous workbook block order; source reports pH 3--11, initial concentration 1--10 mg/L, 0--8 h, 0--20 mM NaCl, and 0--5 mg AHA/L"
1228,RCWB-P,isotherm_pattern,Q_e_at_equilibrium_condition,within_source_reported_range,source_supported_zero_DOM_candidate,nonnegative_capacity,2.4_batch_adsorption_experiments,source_order_candidate_pending_figure_or_table_row_confirmation,"source methods and contiguous workbook block order; source reports pH 3--11, initial concentration 1--10 mg/L, 0--8 h, 0--20 mM NaCl, and 0--5 mg AHA/L"
1229,RCWB-P,isotherm_pattern,Q_e_at_equilibrium_condition,within_source_reported_range,source_supported_zero_DOM_candidate,nonnegative_capacity,2.4_batch_adsorption_experiments,source_order_candidate_pending_figure_or_table_row_confirmation,"source methods and contiguous workbook block order; source reports pH 3--11, initial concentration 1--10 mg/L, 0--8 h, 0--20 mM NaCl, and 0--5 mg AHA/L"
1230,RCWB-P,isotherm_pattern,Q_e_at_equilibrium_condition,within_source_reported_range,source_supported_zero_DOM_candidate,nonnegative_capacity,2.4_batch_adsorption_experiments,source_order_candidate_pending_figure_or_table_row_confirmation,"source methods and contiguous workbook block order; source reports pH 3--11, initial concentration 1--10 mg/L, 0--8 h, 0--20 mM NaCl, and 0--5 mg AHA/L"
1231,RCWB-P,isotherm_pattern,Q_e_at_equilibrium_condition,within_source_reported_range,source_supported_zero_DOM_candidate,nonnegative_capacity,2.4_batch_adsorption_experiments,source_order_candidate_pending_figure_or_table_row_confirmation,"source methods and contiguous workbook block order; source reports pH 3--11, initial concentration 1--10 mg/L, 0--8 h, 0--20 mM NaCl, and 0--5 mg AHA/L"
1232,RCWB-P,isotherm_pattern,Q_e_at_equilibrium_condition,within_source_reported_range,source_supported_zero_DOM_candidate,nonnegative_capacity,2.4_batch_adsorption_experiments,source_order_candidate_pending_figure_or_table_row_confirmation,"source methods and contiguous workbook block order; source reports pH 3--11, initial concentration 1--10 mg/L, 0--8 h, 0--20 mM NaCl, and 0--5 mg AHA/L"
1233,RCWB-HP,isotherm_pattern,Q_e_at_equilibrium_condition,within_source_reported_range,source_supported_zero_DOM_candidate,nonnegative_capacity,2.4_batch_adsorption_experiments,source_order_candidate_pending_figure_or_table_row_confirmation,"source methods and contiguous workbook block order; source reports pH 3--11, initial concentration 1--10 mg/L, 0--8 h, 0--20 mM NaCl, and 0--5 mg AHA/L"
1234,RCWB-HP,isotherm_pattern,Q_e_at_equilibrium_condition,within_source_reported_range,source_supported_zero_DOM_candidate,nonnegative_capacity,2.4_batch_adsorption_experiments,source_order_candidate_pending_figure_or_table_row_confirmation,"source methods and contiguous workbook block order; source reports pH 3--11, initial concentration 1--10 mg/L, 0--8 h, 0--20 mM NaCl, and 0--5 mg AHA/L"
1235,RCWB-HP,isotherm_pattern,Q_e_at_equilibrium_condition,within_source_reported_range,source_supported_zero_DOM_candidate,nonnegative_capacity,2.4_batch_adsorption_experiments,source_order_candidate_pending_figure_or_table_row_confirmation,"source methods and contiguous workbook block order; source reports pH 3--11, initial concentration 1--10 mg/L, 0--8 h, 0--20 mM NaCl, and 0--5 mg AHA/L"
1236,RCWB-HP,isotherm_pattern,Q_e_at_equilibrium_condition,within_source_reported_range,source_supported_zero_DOM_candidate,nonnegative_capacity,2.4_batch_adsorption_experiments,source_order_candidate_pending_figure_or_table_row_confirmation,"source methods and contiguous workbook block order; source reports pH 3--11, initial concentration 1--10 mg/L, 0--8 h, 0--20 mM NaCl, and 0--5 mg AHA/L"
1237,RCWB-HP,isotherm_pattern,Q_e_at_equilibrium_condition,within_source_reported_range,source_supported_zero_DOM_candidate,nonnegative_capacity,2.4_batch_adsorption_experiments,source_order_candidate_pending_figure_or_table_row_confirmation,"source methods and contiguous workbook block order; source reports pH 3--11, initial concentration 1--10 mg/L, 0--8 h, 0--20 mM NaCl, and 0--5 mg AHA/L"
1238,RCWB-HP,isotherm_pattern,Q_e_at_equilibrium_condition,within_source_reported_range,source_supported_zero_DOM_candidate,nonnegative_capacity,2.4_batch_adsorption_experiments,source_order_candidate_pending_figure_or_table_row_confirmation,"source methods and contiguous workbook block order; source reports pH 3--11, initial concentration 1--10 mg/L, 0--8 h, 0--20 mM NaCl, and 0--5 mg AHA/L"
1239,RCWB-HP,isotherm_pattern,Q_e_at_equilibrium_condition,within_source_reported_range,source_supported_zero_DOM_candidate,nonnegative_capacity,2.4_batch_adsorption_experiments,source_order_candidate_pending_figure_or_table_row_confirmation,"source methods and contiguous workbook block order; source reports pH 3--11, initial concentration 1--10 mg/L, 0--8 h, 0--20 mM NaCl, and 0--5 mg AHA/L"
1240,RCWB-HP,isotherm_pattern,Q_e_at_equilibrium_condition,within_source_reported_range,source_supported_zero_DOM_candidate,nonnegative_capacity,2.4_batch_adsorption_experiments,source_order_candidate_pending_figure_or_table_row_confirmation,"source methods and contiguous workbook block order; source reports pH 3--11, initial concentration 1--10 mg/L, 0--8 h, 0--20 mM NaCl, and 0--5 mg AHA/L"
1241,RCWB-HP,isotherm_pattern,Q_e_at_equilibrium_condition,within_source_reported_range,source_supported_zero_DOM_candidate,nonnegative_capacity,2.4_batch_adsorption_experiments,source_order_candidate_pending_figure_or_table_row_confirmation,"source methods and contiguous workbook block order; source reports pH 3--11, initial concentration 1--10 mg/L, 0--8 h, 0--20 mM NaCl, and 0--5 mg AHA/L"
1242,RCWB-HP,isotherm_pattern,Q_e_at_equilibrium_condition,within_source_reported_range,source_supported_zero_DOM_candidate,nonnegative_capacity,2.4_batch_adsorption_experiments,source_order_candidate_pending_figure_or_table_row_confirmation,"source methods and contiguous workbook block order; source reports pH 3--11, initial concentration 1--10 mg/L, 0--8 h, 0--20 mM NaCl, and 0--5 mg AHA/L"
1243,RCWB-HP,isotherm_pattern,Q_e_at_equilibrium_condition,within_source_reported_range,source_supported_zero_DOM_candidate,nonnegative_capacity,2.4_batch_adsorption_experiments,source_order_candidate_pending_figure_or_table_row_confirmation,"source methods and contiguous workbook block order; source reports pH 3--11, initial concentration 1--10 mg/L, 0--8 h, 0--20 mM NaCl, and 0--5 mg AHA/L"
1244,RCWB-HP,isotherm_pattern,Q_e_at_equilibrium_condition,within_source_reported_range,source_supported_zero_DOM_candidate,nonnegative_capacity,2.4_batch_adsorption_experiments,source_order_candidate_pending_figure_or_table_row_confirmation,"source methods and contiguous workbook block order; source reports pH 3--11, initial concentration 1--10 mg/L, 0--8 h, 0--20 mM NaCl, and 0--5 mg AHA/L"
1245,RCWB-HP,isotherm_pattern,Q_e_at_equilibrium_condition,within_source_reported_range,source_supported_zero_DOM_candidate,nonnegative_capacity,2.4_batch_adsorption_experiments,source_order_candidate_pending_figure_or_table_row_confirmation,"source methods and contiguous workbook block order; source reports pH 3--11, initial concentration 1--10 mg/L, 0--8 h, 0--20 mM NaCl, and 0--5 mg AHA/L"
1246,RCWB-HP,isotherm_pattern,Q_e_at_equilibrium_condition,within_source_reported_range,source_supported_zero_DOM_candidate,nonnegative_capacity,2.4_batch_adsorption_experiments,source_order_candidate_pending_figure_or_table_row_confirmation,"source methods and contiguous workbook block order; source reports pH 3--11, initial concentration 1--10 mg/L, 0--8 h, 0--20 mM NaCl, and 0--5 mg AHA/L"
1247,RCWB-HP,isotherm_pattern,Q_e_at_equilibrium_condition,within_source_reported_range,source_supported_zero_DOM_candidate,nonnegative_capacity,2.4_batch_adsorption_experiments,source_order_candidate_pending_figure_or_table_row_confirmation,"source methods and contiguous workbook block order; source reports pH 3--11, initial concentration 1--10 mg/L, 0--8 h, 0--20 mM NaCl, and 0--5 mg AHA/L"
1248,RCWB-HP,isotherm_pattern,Q_e_at_equilibrium_condition,within_source_reported_range,source_supported_zero_DOM_candidate,nonnegative_capacity,2.4_batch_adsorption_experiments,source_order_candidate_pending_figure_or_table_row_confirmation,"source methods and contiguous workbook block order; source reports pH 3--11, initial concentration 1--10 mg/L, 0--8 h, 0--20 mM NaCl, and 0--5 mg AHA/L"
1249,RCWB-HP,isotherm_pattern,Q_e_at_equilibrium_condition,within_source_reported_range,source_supported_zero_DOM_candidate,nonnegative_capacity,2.4_batch_adsorption_experiments,source_order_candidate_pending_figure_or_table_row_confirmation,"source methods and contiguous workbook block order; source reports pH 3--11, initial concentration 1--10 mg/L, 0--8 h, 0--20 mM NaCl, and 0--5 mg AHA/L"
1250,RCWB-HP,isotherm_pattern,Q_e_at_equilibrium_condition,within_source_reported_range,source_supported_zero_DOM_candidate,nonnegative_capacity,2.4_batch_adsorption_experiments,source_order_candidate_pending_figure_or_table_row_confirmation,"source methods and contiguous workbook block order; source reports pH 3--11, initial concentration 1--10 mg/L, 0--8 h, 0--20 mM NaCl, and 0--5 mg AHA/L"
1251,RCWB-HP,isotherm_pattern,Q_e_at_equilibrium_condition,within_source_reported_range,source_supported_zero_DOM_candidate,nonnegative_capacity,2.4_batch_adsorption_experiments,source_order_candidate_pending_figure_or_table_row_confirmation,"source methods and contiguous workbook block order; source reports pH 3--11, initial concentration 1--10 mg/L, 0--8 h, 0--20 mM NaCl, and 0--5 mg AHA/L"
1252,RCWB-HP,isotherm_pattern,Q_e_at_equilibrium_condition,within_source_reported_range,source_supported_zero_DOM_candidate,nonnegative_capacity,2.4_batch_adsorption_experiments,source_order_candidate_pending_figure_or_table_row_confirmation,"source methods and contiguous workbook block order; source reports pH 3--11, initial concentration 1--10 mg/L, 0--8 h, 0--20 mM NaCl, and 0--5 mg AHA/L"
1253,RCWB-HP,isotherm_pattern,Q_e_at_equilibrium_condition,within_source_reported_range,source_supported_zero_DOM_candidate,nonnegative_capacity,2.4_batch_adsorption_experiments,source_order_candidate_pending_figure_or_table_row_confirmation,"source methods and contiguous workbook block order; source reports pH 3--11, initial concentration 1--10 mg/L, 0--8 h, 0--20 mM NaCl, and 0--5 mg AHA/L"
1254,RCWB-HP,isotherm_pattern,Q_e_at_equilibrium_condition,within_source_reported_range,source_supported_zero_DOM_candidate,nonnegative_capacity,2.4_batch_adsorption_experiments,source_order_candidate_pending_figure_or_table_row_confirmation,"source methods and contiguous workbook block order; source reports pH 3--11, initial concentration 1--10 mg/L, 0--8 h, 0--20 mM NaCl, and 0--5 mg AHA/L"
1255,RCWB-HP,isotherm_pattern,Q_e_at_equilibrium_condition,within_source_reported_range,source_supported_zero_DOM_candidate,nonnegative_capacity,2.4_batch_adsorption_experiments,source_order_candidate_pending_figure_or_table_row_confirmation,"source methods and contiguous workbook block order; source reports pH 3--11, initial concentration 1--10 mg/L, 0--8 h, 0--20 mM NaCl, and 0--5 mg AHA/L"
1256,RCWB-HP,isotherm_pattern,Q_e_at_equilibrium_condition,within_source_reported_range,source_supported_zero_DOM_candidate,nonnegative_capacity,2.4_batch_adsorption_experiments,source_order_candidate_pending_figure_or_table_row_confirmation,"source methods and contiguous workbook block order; source reports pH 3--11, initial concentration 1--10 mg/L, 0--8 h, 0--20 mM NaCl, and 0--5 mg AHA/L"
1257,RCWB-HP,isotherm_pattern,Q_e_at_equilibrium_condition,within_source_reported_range,source_supported_zero_DOM_candidate,nonnegative_capacity,2.4_batch_adsorption_experiments,source_order_candidate_pending_figure_or_table_row_confirmation,"source methods and contiguous workbook block order; source reports pH 3--11, initial concentration 1--10 mg/L, 0--8 h, 0--20 mM NaCl, and 0--5 mg AHA/L"
1258,RCWB-HP,isotherm_pattern,Q_e_at_equilibrium_condition,within_source_reported_range,source_supported_zero_DOM_candidate,nonnegative_capacity,2.4_batch_adsorption_experiments,source_order_candidate_pending_figure_or_table_row_confirmation,"source methods and contiguous workbook block order; source reports pH 3--11, initial concentration 1--10 mg/L, 0--8 h, 0--20 mM NaCl, and 0--5 mg AHA/L"
1259,RCWB-HP,isotherm_pattern,Q_e_at_equilibrium_condition,within_source_reported_range,source_supported_zero_DOM_candidate,nonnegative_capacity,2.4_batch_adsorption_experiments,source_order_candidate_pending_figure_or_table_row_confirmation,"source methods and contiguous workbook block order; source reports pH 3--11, initial concentration 1--10 mg/L, 0--8 h, 0--20 mM NaCl, and 0--5 mg AHA/L"
1260,RCWB-HP,isotherm_pattern,Q_e_at_equilibrium_condition,within_source_reported_range,source_supported_zero_DOM_candidate,nonnegative_capacity,2.4_batch_adsorption_experiments,source_order_candidate_pending_figure_or_table_row_confirmation,"source methods and contiguous workbook block order; source reports pH 3--11, initial concentration 1--10 mg/L, 0--8 h, 0--20 mM NaCl, and 0--5 mg AHA/L"
1261,RCWB-HP,isotherm_pattern,Q_e_at_equilibrium_condition,within_source_reported_range,source_supported_zero_DOM_candidate,nonnegative_capacity,2.4_batch_adsorption_experiments,source_order_candidate_pending_figure_or_table_row_confirmation,"source methods and contiguous workbook block order; source reports pH 3--11, initial concentration 1--10 mg/L, 0--8 h, 0--20 mM NaCl, and 0--5 mg AHA/L"
1262,RCWB-HP,isotherm_pattern,Q_e_at_equilibrium_condition,within_source_reported_range,source_supported_zero_DOM_candidate,nonnegative_capacity,2.4_batch_adsorption_experiments,source_order_candidate_pending_figure_or_table_row_confirmation,"source methods and contiguous workbook block order; source reports pH 3--11, initial concentration 1--10 mg/L, 0--8 h, 0--20 mM NaCl, and 0--5 mg AHA/L"
1263,RCWB-HP,isotherm_pattern,Q_e_at_equilibrium_condition,within_source_reported_range,source_supported_zero_DOM_candidate,nonnegative_capacity,2.4_batch_adsorption_experiments,source_order_candidate_pending_figure_or_table_row_confirmation,"source methods and contiguous workbook block order; source reports pH 3--11, initial concentration 1--10 mg/L, 0--8 h, 0--20 mM NaCl, and 0--5 mg AHA/L"
1264,RCWB-HP,isotherm_pattern,Q_e_at_equilibrium_condition,within_source_reported_range,source_supported_zero_DOM_candidate,nonnegative_capacity,2.4_batch_adsorption_experiments,source_order_candidate_pending_figure_or_table_row_confirmation,"source methods and contiguous workbook block order; source reports pH 3--11, initial concentration 1--10 mg/L, 0--8 h, 0--20 mM NaCl, and 0--5 mg AHA/L"
1265,RCWB-HP,isotherm_pattern,Q_e_at_equilibrium_condition,within_source_reported_range,source_supported_zero_DOM_candidate,nonnegative_capacity,2.4_batch_adsorption_experiments,source_order_candidate_pending_figure_or_table_row_confirmation,"source methods and contiguous workbook block order; source reports pH 3--11, initial concentration 1--10 mg/L, 0--8 h, 0--20 mM NaCl, and 0--5 mg AHA/L"
1266,RCWB-HP,isotherm_pattern,Q_e_at_equilibrium_condition,within_source_reported_range,source_supported_zero_DOM_candidate,nonnegative_capacity,2.4_batch_adsorption_experiments,source_order_candidate_pending_figure_or_table_row_confirmation,"source methods and contiguous workbook block order; source reports pH 3--11, initial concentration 1--10 mg/L, 0--8 h, 0--20 mM NaCl, and 0--5 mg AHA/L"
1267,RCWB-HP,isotherm_pattern,Q_e_at_equilibrium_condition,within_source_reported_range,source_supported_zero_DOM_candidate,nonnegative_capacity,2.4_batch_adsorption_experiments,source_order_candidate_pending_figure_or_table_row_confirmation,"source methods and contiguous workbook block order; source reports pH 3--11, initial concentration 1--10 mg/L, 0--8 h, 0--20 mM NaCl, and 0--5 mg AHA/L"
1268,RCWB-HP,isotherm_pattern,Q_e_at_equilibrium_condition,within_source_reported_range,source_supported_zero_DOM_candidate,nonnegative_capacity,2.4_batch_adsorption_experiments,source_order_candidate_pending_figure_or_table_row_confirmation,"source methods and contiguous workbook block order; source reports pH 3--11, initial concentration 1--10 mg/L, 0--8 h, 0--20 mM NaCl, and 0--5 mg AHA/L"
1269,RCWB-HP,isotherm_pattern,Q_e_at_equilibrium_condition,within_source_reported_range,source_supported_zero_DOM_candidate,nonnegative_capacity,2.4_batch_adsorption_experiments,source_order_candidate_pending_figure_or_table_row_confirmation,"source methods and contiguous workbook block order; source reports pH 3--11, initial concentration 1--10 mg/L, 0--8 h, 0--20 mM NaCl, and 0--5 mg AHA/L"
1270,RCWB-HP,isotherm_pattern,Q_e_at_equilibrium_condition,within_source_reported_range,source_supported_zero_DOM_candidate,nonnegative_capacity,2.4_batch_adsorption_experiments,source_order_candidate_pending_figure_or_table_row_confirmation,"source methods and contiguous workbook block order; source reports pH 3--11, initial concentration 1--10 mg/L, 0--8 h, 0--20 mM NaCl, and 0--5 mg AHA/L"
1271,RCWB-HP,isotherm_pattern,Q_e_at_equilibrium_condition,within_source_reported_range,source_supported_zero_DOM_candidate,nonnegative_capacity,2.4_batch_adsorption_experiments,source_order_candidate_pending_figure_or_table_row_confirmation,"source methods and contiguous workbook block order; source reports pH 3--11, initial concentration 1--10 mg/L, 0--8 h, 0--20 mM NaCl, and 0--5 mg AHA/L"
1272,RCWB-HP,isotherm_pattern,Q_e_at_equilibrium_condition,within_source_reported_range,source_supported_zero_DOM_candidate,nonnegative_capacity,2.4_batch_adsorption_experiments,source_order_candidate_pending_figure_or_table_row_confirmation,"source methods and contiguous workbook block order; source reports pH 3--11, initial concentration 1--10 mg/L, 0--8 h, 0--20 mM NaCl, and 0--5 mg AHA/L"
1273,RCWB-HP,isotherm_pattern,Q_e_at_equilibrium_condition,within_source_reported_range,source_supported_zero_DOM_candidate,nonnegative_capacity,2.4_batch_adsorption_experiments,source_order_candidate_pending_figure_or_table_row_confirmation,"source methods and contiguous workbook block order; source reports pH 3--11, initial concentration 1--10 mg/L, 0--8 h, 0--20 mM NaCl, and 0--5 mg AHA/L"
1274,RCWB-HP,isotherm_pattern,Q_e_at_equilibrium_condition,within_source_reported_range,source_supported_zero_DOM_candidate,nonnegative_capacity,2.4_batch_adsorption_experiments,source_order_candidate_pending_figure_or_table_row_confirmation,"source methods and contiguous workbook block order; source reports pH 3--11, initial concentration 1--10 mg/L, 0--8 h, 0--20 mM NaCl, and 0--5 mg AHA/L"
1275,RCWB-HP,isotherm_pattern,Q_e_at_equilibrium_condition,within_source_reported_range,source_supported_zero_DOM_candidate,nonnegative_capacity,2.4_batch_adsorption_experiments,source_order_candidate_pending_figure_or_table_row_confirmation,"source methods and contiguous workbook block order; source reports pH 3--11, initial concentration 1--10 mg/L, 0--8 h, 0--20 mM NaCl, and 0--5 mg AHA/L"
1276,RCWB-HP,isotherm_pattern,Q_e_at_equilibrium_condition,within_source_reported_range,source_supported_zero_DOM_candidate,nonnegative_capacity,2.4_batch_adsorption_experiments,source_order_candidate_pending_figure_or_table_row_confirmation,"source methods and contiguous workbook block order; source reports pH 3--11, initial concentration 1--10 mg/L, 0--8 h, 0--20 mM NaCl, and 0--5 mg AHA/L"
1277,RCWB-HP,isotherm_pattern,Q_e_at_equilibrium_condition,within_source_reported_range,source_supported_zero_DOM_candidate,nonnegative_capacity,2.4_batch_adsorption_experiments,source_order_candidate_pending_figure_or_table_row_confirmation,"source methods and contiguous workbook block order; source reports pH 3--11, initial concentration 1--10 mg/L, 0--8 h, 0--20 mM NaCl, and 0--5 mg AHA/L"
1278,RCWB-NHP,isotherm_pattern,Q_e_at_equilibrium_condition,within_source_reported_range,source_supported_zero_DOM_candidate,nonnegative_capacity,2.4_batch_adsorption_experiments,source_order_candidate_pending_figure_or_table_row_confirmation,"source methods and contiguous workbook block order; source reports pH 3--11, initial concentration 1--10 mg/L, 0--8 h, 0--20 mM NaCl, and 0--5 mg AHA/L"
1279,RCWB-NHP,isotherm_pattern,Q_e_at_equilibrium_condition,within_source_reported_range,source_supported_zero_DOM_candidate,nonnegative_capacity,2.4_batch_adsorption_experiments,source_order_candidate_pending_figure_or_table_row_confirmation,"source methods and contiguous workbook block order; source reports pH 3--11, initial concentration 1--10 mg/L, 0--8 h, 0--20 mM NaCl, and 0--5 mg AHA/L"
1280,RCWB-NHP,isotherm_pattern,Q_e_at_equilibrium_condition,within_source_reported_range,source_supported_zero_DOM_candidate,nonnegative_capacity,2.4_batch_adsorption_experiments,source_order_candidate_pending_figure_or_table_row_confirmation,"source methods and contiguous workbook block order; source reports pH 3--11, initial concentration 1--10 mg/L, 0--8 h, 0--20 mM NaCl, and 0--5 mg AHA/L"
1281,RCWB-NHP,isotherm_pattern,Q_e_at_equilibrium_condition,within_source_reported_range,source_supported_zero_DOM_candidate,nonnegative_capacity,2.4_batch_adsorption_experiments,source_order_candidate_pending_figure_or_table_row_confirmation,"source methods and contiguous workbook block order; source reports pH 3--11, initial concentration 1--10 mg/L, 0--8 h, 0--20 mM NaCl, and 0--5 mg AHA/L"
1282,RCWB-NHP,isotherm_pattern,Q_e_at_equilibrium_condition,within_source_reported_range,source_supported_zero_DOM_candidate,nonnegative_capacity,2.4_batch_adsorption_experiments,source_order_candidate_pending_figure_or_table_row_confirmation,"source methods and contiguous workbook block order; source reports pH 3--11, initial concentration 1--10 mg/L, 0--8 h, 0--20 mM NaCl, and 0--5 mg AHA/L"
1283,RCWB-NHP,isotherm_pattern,Q_e_at_equilibrium_condition,within_source_reported_range,source_supported_zero_DOM_candidate,nonnegative_capacity,2.4_batch_adsorption_experiments,source_order_candidate_pending_figure_or_table_row_confirmation,"source methods and contiguous workbook block order; source reports pH 3--11, initial concentration 1--10 mg/L, 0--8 h, 0--20 mM NaCl, and 0--5 mg AHA/L"
1284,RCWB-NHP,isotherm_pattern,Q_e_at_equilibrium_condition,within_source_reported_range,source_supported_zero_DOM_candidate,nonnegative_capacity,2.4_batch_adsorption_experiments,source_order_candidate_pending_figure_or_table_row_confirmation,"source methods and contiguous workbook block order; source reports pH 3--11, initial concentration 1--10 mg/L, 0--8 h, 0--20 mM NaCl, and 0--5 mg AHA/L"
1285,RCWB-NHP,isotherm_pattern,Q_e_at_equilibrium_condition,within_source_reported_range,source_supported_zero_DOM_candidate,nonnegative_capacity,2.4_batch_adsorption_experiments,source_order_candidate_pending_figure_or_table_row_confirmation,"source methods and contiguous workbook block order; source reports pH 3--11, initial concentration 1--10 mg/L, 0--8 h, 0--20 mM NaCl, and 0--5 mg AHA/L"
1286,RCWB-NHP,isotherm_pattern,Q_e_at_equilibrium_condition,within_source_reported_range,source_supported_zero_DOM_candidate,nonnegative_capacity,2.4_batch_adsorption_experiments,source_order_candidate_pending_figure_or_table_row_confirmation,"source methods and contiguous workbook block order; source reports pH 3--11, initial concentration 1--10 mg/L, 0--8 h, 0--20 mM NaCl, and 0--5 mg AHA/L"
1287,RCWB-NHP,isotherm_pattern,Q_e_at_equilibrium_condition,within_source_reported_range,source_supported_zero_DOM_candidate,nonnegative_capacity,2.4_batch_adsorption_experiments,source_order_candidate_pending_figure_or_table_row_confirmation,"source methods and contiguous workbook block order; source reports pH 3--11, initial concentration 1--10 mg/L, 0--8 h, 0--20 mM NaCl, and 0--5 mg AHA/L"
1288,RCWB-NHP,isotherm_pattern,Q_e_at_equilibrium_condition,within_source_reported_range,source_supported_zero_DOM_candidate,nonnegative_capacity,2.4_batch_adsorption_experiments,source_order_candidate_pending_figure_or_table_row_confirmation,"source methods and contiguous workbook block order; source reports pH 3--11, initial concentration 1--10 mg/L, 0--8 h, 0--20 mM NaCl, and 0--5 mg AHA/L"
1289,RCWB-NHP,isotherm_pattern,Q_e_at_equilibrium_condition,within_source_reported_range,source_supported_zero_DOM_candidate,nonnegative_capacity,2.4_batch_adsorption_experiments,source_order_candidate_pending_figure_or_table_row_confirmation,"source methods and contiguous workbook block order; source reports pH 3--11, initial concentration 1--10 mg/L, 0--8 h, 0--20 mM NaCl, and 0--5 mg AHA/L"
1290,RCWB-NHP,isotherm_pattern,Q_e_at_equilibrium_condition,within_source_reported_range,source_supported_zero_DOM_candidate,nonnegative_capacity,2.4_batch_adsorption_experiments,source_order_candidate_pending_figure_or_table_row_confirmation,"source methods and contiguous workbook block order; source reports pH 3--11, initial concentration 1--10 mg/L, 0--8 h, 0--20 mM NaCl, and 0--5 mg AHA/L"
1291,RCWB-NHP,isotherm_pattern,Q_e_at_equilibrium_condition,within_source_reported_range,source_supported_zero_DOM_candidate,nonnegative_capacity,2.4_batch_adsorption_experiments,source_order_candidate_pending_figure_or_table_row_confirmation,"source methods and contiguous workbook block order; source reports pH 3--11, initial concentration 1--10 mg/L, 0--8 h, 0--20 mM NaCl, and 0--5 mg AHA/L"
1292,RCWB-NHP,isotherm_pattern,Q_e_at_equilibrium_condition,within_source_reported_range,source_supported_zero_DOM_candidate,nonnegative_capacity,2.4_batch_adsorption_experiments,source_order_candidate_pending_figure_or_table_row_confirmation,"source methods and contiguous workbook block order; source reports pH 3--11, initial concentration 1--10 mg/L, 0--8 h, 0--20 mM NaCl, and 0--5 mg AHA/L"
1293,RCWB-NHP,isotherm_pattern,Q_e_at_equilibrium_condition,within_source_reported_range,source_supported_zero_DOM_candidate,nonnegative_capacity,2.4_batch_adsorption_experiments,source_order_candidate_pending_figure_or_table_row_confirmation,"source methods and contiguous workbook block order; source reports pH 3--11, initial concentration 1--10 mg/L, 0--8 h, 0--20 mM NaCl, and 0--5 mg AHA/L"
1294,RCWB-NHP,isotherm_pattern,Q_e_at_equilibrium_condition,within_source_reported_range,source_supported_zero_DOM_candidate,nonnegative_capacity,2.4_batch_adsorption_experiments,source_order_candidate_pending_figure_or_table_row_confirmation,"source methods and contiguous workbook block order; source reports pH 3--11, initial concentration 1--10 mg/L, 0--8 h, 0--20 mM NaCl, and 0--5 mg AHA/L"
1295,RCWB-NHP,isotherm_pattern,Q_e_at_equilibrium_condition,within_source_reported_range,source_supported_zero_DOM_candidate,nonnegative_capacity,2.4_batch_adsorption_experiments,source_order_candidate_pending_figure_or_table_row_confirmation,"source methods and contiguous workbook block order; source reports pH 3--11, initial concentration 1--10 mg/L, 0--8 h, 0--20 mM NaCl, and 0--5 mg AHA/L"
1296,RCWB-NHP,isotherm_pattern,Q_e_at_equilibrium_condition,within_source_reported_range,source_supported_zero_DOM_candidate,nonnegative_capacity,2.4_batch_adsorption_experiments,source_order_candidate_pending_figure_or_table_row_confirmation,"source methods and contiguous workbook block order; source reports pH 3--11, initial concentration 1--10 mg/L, 0--8 h, 0--20 mM NaCl, and 0--5 mg AHA/L"
1297,RCWB-NHP,isotherm_pattern,Q_e_at_equilibrium_condition,within_source_reported_range,source_supported_zero_DOM_candidate,nonnegative_capacity,2.4_batch_adsorption_experiments,source_order_candidate_pending_figure_or_table_row_confirmation,"source methods and contiguous workbook block order; source reports pH 3--11, initial concentration 1--10 mg/L, 0--8 h, 0--20 mM NaCl, and 0--5 mg AHA/L"
1298,RCWB-NHP,isotherm_pattern,Q_e_at_equilibrium_condition,within_source_reported_range,source_supported_zero_DOM_candidate,nonnegative_capacity,2.4_batch_adsorption_experiments,source_order_candidate_pending_figure_or_table_row_confirmation,"source methods and contiguous workbook block order; source reports pH 3--11, initial concentration 1--10 mg/L, 0--8 h, 0--20 mM NaCl, and 0--5 mg AHA/L"
1299,RCWB-NHP,isotherm_pattern,Q_e_at_equilibrium_condition,within_source_reported_range,source_supported_zero_DOM_candidate,nonnegative_capacity,2.4_batch_adsorption_experiments,source_order_candidate_pending_figure_or_table_row_confirmation,"source methods and contiguous workbook block order; source reports pH 3--11, initial concentration 1--10 mg/L, 0--8 h, 0--20 mM NaCl, and 0--5 mg AHA/L"
1300,RCWB-NHP,isotherm_pattern,Q_e_at_equilibrium_condition,within_source_reported_range,source_supported_zero_DOM_candidate,nonnegative_capacity,2.4_batch_adsorption_experiments,source_order_candidate_pending_figure_or_table_row_confirmation,"source methods and contiguous workbook block order; source reports pH 3--11, initial concentration 1--10 mg/L, 0--8 h, 0--20 mM NaCl, and 0--5 mg AHA/L"
1301,RCWB-NHP,isotherm_pattern,Q_e_at_equilibrium_condition,within_source_reported_range,source_supported_zero_DOM_candidate,nonnegative_capacity,2.4_batch_adsorption_experiments,source_order_candidate_pending_figure_or_table_row_confirmation,"source methods and contiguous workbook block order; source reports pH 3--11, initial concentration 1--10 mg/L, 0--8 h, 0--20 mM NaCl, and 0--5 mg AHA/L"
1302,RCWB-NHP,isotherm_pattern,Q_e_at_equilibrium_condition,within_source_reported_range,source_supported_zero_DOM_candidate,nonnegative_capacity,2.4_batch_adsorption_experiments,source_order_candidate_pending_figure_or_table_row_confirmation,"source methods and contiguous workbook block order; source reports pH 3--11, initial concentration 1--10 mg/L, 0--8 h, 0--20 mM NaCl, and 0--5 mg AHA/L"
1303,RCWB-NHP,isotherm_pattern,Q_e_at_equilibrium_condition,within_source_reported_range,source_supported_zero_DOM_candidate,nonnegative_capacity,2.4_batch_adsorption_experiments,source_order_candidate_pending_figure_or_table_row_confirmation,"source methods and contiguous workbook block order; source reports pH 3--11, initial concentration 1--10 mg/L, 0--8 h, 0--20 mM NaCl, and 0--5 mg AHA/L"
1304,RCWB-NHP,isotherm_pattern,Q_e_at_equilibrium_condition,within_source_reported_range,source_supported_zero_DOM_candidate,nonnegative_capacity,2.4_batch_adsorption_experiments,source_order_candidate_pending_figure_or_table_row_confirmation,"source methods and contiguous workbook block order; source reports pH 3--11, initial concentration 1--10 mg/L, 0--8 h, 0--20 mM NaCl, and 0--5 mg AHA/L"
1305,RCWB-NHP,isotherm_pattern,Q_e_at_equilibrium_condition,within_source_reported_range,source_supported_zero_DOM_candidate,nonnegative_capacity,2.4_batch_adsorption_experiments,source_order_candidate_pending_figure_or_table_row_confirmation,"source methods and contiguous workbook block order; source reports pH 3--11, initial concentration 1--10 mg/L, 0--8 h, 0--20 mM NaCl, and 0--5 mg AHA/L"
1306,RCWB-NHP,isotherm_pattern,Q_e_at_equilibrium_condition,within_source_reported_range,source_supported_zero_DOM_candidate,nonnegative_capacity,2.4_batch_adsorption_experiments,source_order_candidate_pending_figure_or_table_row_confirmation,"source methods and contiguous workbook block order; source reports pH 3--11, initial concentration 1--10 mg/L, 0--8 h, 0--20 mM NaCl, and 0--5 mg AHA/L"
1307,RCWB-NHP,isotherm_pattern,Q_e_at_equilibrium_condition,within_source_reported_range,source_supported_zero_DOM_candidate,nonnegative_capacity,2.4_batch_adsorption_experiments,source_order_candidate_pending_figure_or_table_row_confirmation,"source methods and contiguous workbook block order; source reports pH 3--11, initial concentration 1--10 mg/L, 0--8 h, 0--20 mM NaCl, and 0--5 mg AHA/L"
1308,RCWB-NHP,isotherm_pattern,Q_e_at_equilibrium_condition,within_source_reported_range,source_supported_zero_DOM_candidate,nonnegative_capacity,2.4_batch_adsorption_experiments,source_order_candidate_pending_figure_or_table_row_confirmation,"source methods and contiguous workbook block order; source reports pH 3--11, initial concentration 1--10 mg/L, 0--8 h, 0--20 mM NaCl, and 0--5 mg AHA/L"
1309,RCWB-NHP,isotherm_pattern,Q_e_at_equilibrium_condition,within_source_reported_range,source_supported_zero_DOM_candidate,nonnegative_capacity,2.4_batch_adsorption_experiments,source_order_candidate_pending_figure_or_table_row_confirmation,"source methods and contiguous workbook block order; source reports pH 3--11, initial concentration 1--10 mg/L, 0--8 h, 0--20 mM NaCl, and 0--5 mg AHA/L"
1310,RCWB-NHP,isotherm_pattern,Q_e_at_equilibrium_condition,within_source_reported_range,source_supported_zero_DOM_candidate,nonnegative_capacity,2.4_batch_adsorption_experiments,source_order_candidate_pending_figure_or_table_row_confirmation,"source methods and contiguous workbook block order; source reports pH 3--11, initial concentration 1--10 mg/L, 0--8 h, 0--20 mM NaCl, and 0--5 mg AHA/L"
1311,RCWB-NHP,isotherm_pattern,Q_e_at_equilibrium_condition,within_source_reported_range,source_supported_zero_DOM_candidate,nonnegative_capacity,2.4_batch_adsorption_experiments,source_order_candidate_pending_figure_or_table_row_confirmation,"source methods and contiguous workbook block order; source reports pH 3--11, initial concentration 1--10 mg/L, 0--8 h, 0--20 mM NaCl, and 0--5 mg AHA/L"
1312,RCWB-NHP,isotherm_pattern,Q_e_at_equilibrium_condition,within_source_reported_range,source_supported_zero_DOM_candidate,nonnegative_capacity,2.4_batch_adsorption_experiments,source_order_candidate_pending_figure_or_table_row_confirmation,"source methods and contiguous workbook block order; source reports pH 3--11, initial concentration 1--10 mg/L, 0--8 h, 0--20 mM NaCl, and 0--5 mg AHA/L"
1313,RCWB-NHP,isotherm_pattern,Q_e_at_equilibrium_condition,within_source_reported_range,source_supported_zero_DOM_candidate,nonnegative_capacity,2.4_batch_adsorption_experiments,source_order_candidate_pending_figure_or_table_row_confirmation,"source methods and contiguous workbook block order; source reports pH 3--11, initial concentration 1--10 mg/L, 0--8 h, 0--20 mM NaCl, and 0--5 mg AHA/L"
1314,RCWB-NHP,isotherm_pattern,Q_e_at_equilibrium_condition,within_source_reported_range,source_supported_zero_DOM_candidate,nonnegative_capacity,2.4_batch_adsorption_experiments,source_order_candidate_pending_figure_or_table_row_confirmation,"source methods and contiguous workbook block order; source reports pH 3--11, initial concentration 1--10 mg/L, 0--8 h, 0--20 mM NaCl, and 0--5 mg AHA/L"
1315,RCWB-NHP,isotherm_pattern,Q_e_at_equilibrium_condition,within_source_reported_range,source_supported_zero_DOM_candidate,nonnegative_capacity,2.4_batch_adsorption_experiments,source_order_candidate_pending_figure_or_table_row_confirmation,"source methods and contiguous workbook block order; source reports pH 3--11, initial concentration 1--10 mg/L, 0--8 h, 0--20 mM NaCl, and 0--5 mg AHA/L"
1316,RCWB-NHP,isotherm_pattern,Q_e_at_equilibrium_condition,within_source_reported_range,source_supported_zero_DOM_candidate,nonnegative_capacity,2.4_batch_adsorption_experiments,source_order_candidate_pending_figure_or_table_row_confirmation,"source methods and contiguous workbook block order; source reports pH 3--11, initial concentration 1--10 mg/L, 0--8 h, 0--20 mM NaCl, and 0--5 mg AHA/L"
1317,RCWB-NHP,isotherm_pattern,Q_e_at_equilibrium_condition,within_source_reported_range,source_supported_zero_DOM_candidate,nonnegative_capacity,2.4_batch_adsorption_experiments,source_order_candidate_pending_figure_or_table_row_confirmation,"source methods and contiguous workbook block order; source reports pH 3--11, initial concentration 1--10 mg/L, 0--8 h, 0--20 mM NaCl, and 0--5 mg AHA/L"
1318,RCWB-NHP,isotherm_pattern,Q_e_at_equilibrium_condition,within_source_reported_range,source_supported_zero_DOM_candidate,nonnegative_capacity,2.4_batch_adsorption_experiments,source_order_candidate_pending_figure_or_table_row_confirmation,"source methods and contiguous workbook block order; source reports pH 3--11, initial concentration 1--10 mg/L, 0--8 h, 0--20 mM NaCl, and 0--5 mg AHA/L"
1319,RCWB-NHP,isotherm_pattern,Q_e_at_equilibrium_condition,within_source_reported_range,source_supported_zero_DOM_candidate,nonnegative_capacity,2.4_batch_adsorption_experiments,source_order_candidate_pending_figure_or_table_row_confirmation,"source methods and contiguous workbook block order; source reports pH 3--11, initial concentration 1--10 mg/L, 0--8 h, 0--20 mM NaCl, and 0--5 mg AHA/L"
1320,RCWB-NHP,isotherm_pattern,Q_e_at_equilibrium_condition,within_source_reported_range,source_supported_zero_DOM_candidate,nonnegative_capacity,2.4_batch_adsorption_experiments,source_order_candidate_pending_figure_or_table_row_confirmation,"source methods and contiguous workbook block order; source reports pH 3--11, initial concentration 1--10 mg/L, 0--8 h, 0--20 mM NaCl, and 0--5 mg AHA/L"
1321,RCWB-NHP,isotherm_pattern,Q_e_at_equilibrium_condition,within_source_reported_range,source_supported_zero_DOM_candidate,nonnegative_capacity,2.4_batch_adsorption_experiments,source_order_candidate_pending_figure_or_table_row_confirmation,"source methods and contiguous workbook block order; source reports pH 3--11, initial concentration 1--10 mg/L, 0--8 h, 0--20 mM NaCl, and 0--5 mg AHA/L"
1322,RCWB-NHP,isotherm_pattern,Q_e_at_equilibrium_condition,within_source_reported_range,source_supported_zero_DOM_candidate,nonnegative_capacity,2.4_batch_adsorption_experiments,source_order_candidate_pending_figure_or_table_row_confirmation,"source methods and contiguous workbook block order; source reports pH 3--11, initial concentration 1--10 mg/L, 0--8 h, 0--20 mM NaCl, and 0--5 mg AHA/L"
1323,RCWB-P,ionic_strength_pattern,Q_e_at_equilibrium_condition,within_source_reported_range,source_supported_zero_DOM_candidate,nonnegative_capacity,2.4_batch_adsorption_experiments,source_order_candidate_pending_figure_or_table_row_confirmation,"source methods and contiguous workbook block order; source reports pH 3--11, initial concentration 1--10 mg/L, 0--8 h, 0--20 mM NaCl, and 0--5 mg AHA/L"
1324,RCWB-P,ionic_strength_pattern,Q_e_at_equilibrium_condition,within_source_reported_range,source_supported_zero_DOM_candidate,nonnegative_capacity,2.4_batch_adsorption_experiments,source_order_candidate_pending_figure_or_table_row_confirmation,"source methods and contiguous workbook block order; source reports pH 3--11, initial concentration 1--10 mg/L, 0--8 h, 0--20 mM NaCl, and 0--5 mg AHA/L"
1325,RCWB-P,ionic_strength_pattern,Q_e_at_equilibrium_condition,within_source_reported_range,source_supported_zero_DOM_candidate,nonnegative_capacity,2.4_batch_adsorption_experiments,source_order_candidate_pending_figure_or_table_row_confirmation,"source methods and contiguous workbook block order; source reports pH 3--11, initial concentration 1--10 mg/L, 0--8 h, 0--20 mM NaCl, and 0--5 mg AHA/L"
1326,RCWB-P,ionic_strength_pattern,Q_e_at_equilibrium_condition,within_source_reported_range,source_supported_zero_DOM_candidate,nonnegative_capacity,2.4_batch_adsorption_experiments,source_order_candidate_pending_figure_or_table_row_confirmation,"source methods and contiguous workbook block order; source reports pH 3--11, initial concentration 1--10 mg/L, 0--8 h, 0--20 mM NaCl, and 0--5 mg AHA/L"
1327,RCWB-P,ionic_strength_pattern,Q_e_at_equilibrium_condition,within_source_reported_range,source_supported_zero_DOM_candidate,nonnegative_capacity,2.4_batch_adsorption_experiments,source_order_candidate_pending_figure_or_table_row_confirmation,"source methods and contiguous workbook block order; source reports pH 3--11, initial concentration 1--10 mg/L, 0--8 h, 0--20 mM NaCl, and 0--5 mg AHA/L"
1328,RCWB-P,ionic_strength_pattern,Q_e_at_equilibrium_condition,within_source_reported_range,source_supported_zero_DOM_candidate,nonnegative_capacity,2.4_batch_adsorption_experiments,source_order_candidate_pending_figure_or_table_row_confirmation,"source methods and contiguous workbook block order; source reports pH 3--11, initial concentration 1--10 mg/L, 0--8 h, 0--20 mM NaCl, and 0--5 mg AHA/L"
1329,RCWB-P,ionic_strength_pattern,Q_e_at_equilibrium_condition,within_source_reported_range,source_supported_zero_DOM_candidate,nonnegative_capacity,2.4_batch_adsorption_experiments,source_order_candidate_pending_figure_or_table_row_confirmation,"source methods and contiguous workbook block order; source reports pH 3--11, initial concentration 1--10 mg/L, 0--8 h, 0--20 mM NaCl, and 0--5 mg AHA/L"
1330,RCWB-P,ionic_strength_pattern,Q_e_at_equilibrium_condition,within_source_reported_range,source_supported_zero_DOM_candidate,nonnegative_capacity,2.4_batch_adsorption_experiments,source_order_candidate_pending_figure_or_table_row_confirmation,"source methods and contiguous workbook block order; source reports pH 3--11, initial concentration 1--10 mg/L, 0--8 h, 0--20 mM NaCl, and 0--5 mg AHA/L"
1331,RCWB-P,ionic_strength_pattern,Q_e_at_equilibrium_condition,within_source_reported_range,source_supported_zero_DOM_candidate,nonnegative_capacity,2.4_batch_adsorption_experiments,source_order_candidate_pending_figure_or_table_row_confirmation,"source methods and contiguous workbook block order; source reports pH 3--11, initial concentration 1--10 mg/L, 0--8 h, 0--20 mM NaCl, and 0--5 mg AHA/L"
1332,RCWB-P,ionic_strength_pattern,Q_e_at_equilibrium_condition,within_source_reported_range,source_supported_zero_DOM_candidate,nonnegative_capacity,2.4_batch_adsorption_experiments,source_order_candidate_pending_figure_or_table_row_confirmation,"source methods and contiguous workbook block order; source reports pH 3--11, initial concentration 1--10 mg/L, 0--8 h, 0--20 mM NaCl, and 0--5 mg AHA/L"
1333,RCWB-P,ionic_strength_pattern,Q_e_at_equilibrium_condition,within_source_reported_range,source_supported_zero_DOM_candidate,nonnegative_capacity,2.4_batch_adsorption_experiments,source_order_candidate_pending_figure_or_table_row_confirmation,"source methods and contiguous workbook block order; source reports pH 3--11, initial concentration 1--10 mg/L, 0--8 h, 0--20 mM NaCl, and 0--5 mg AHA/L"
1334,RCWB-P,ionic_strength_pattern,Q_e_at_equilibrium_condition,within_source_reported_range,source_supported_zero_DOM_candidate,nonnegative_capacity,2.4_batch_adsorption_experiments,source_order_candidate_pending_figure_or_table_row_confirmation,"source methods and contiguous workbook block order; source reports pH 3--11, initial concentration 1--10 mg/L, 0--8 h, 0--20 mM NaCl, and 0--5 mg AHA/L"
1335,RCWB-P,ionic_strength_pattern,Q_e_at_equilibrium_condition,within_source_reported_range,source_supported_zero_DOM_candidate,nonnegative_capacity,2.4_batch_adsorption_experiments,source_order_candidate_pending_figure_or_table_row_confirmation,"source methods and contiguous workbook block order; source reports pH 3--11, initial concentration 1--10 mg/L, 0--8 h, 0--20 mM NaCl, and 0--5 mg AHA/L"
1336,RCWB-P,ionic_strength_pattern,Q_e_at_equilibrium_condition,within_source_reported_range,source_supported_zero_DOM_candidate,nonnegative_capacity,2.4_batch_adsorption_experiments,source_order_candidate_pending_figure_or_table_row_confirmation,"source methods and contiguous workbook block order; source reports pH 3--11, initial concentration 1--10 mg/L, 0--8 h, 0--20 mM NaCl, and 0--5 mg AHA/L"
1337,RCWB-P,ionic_strength_pattern,Q_e_at_equilibrium_condition,within_source_reported_range,source_supported_zero_DOM_candidate,nonnegative_capacity,2.4_batch_adsorption_experiments,source_order_candidate_pending_figure_or_table_row_confirmation,"source methods and contiguous workbook block order; source reports pH 3--11, initial concentration 1--10 mg/L, 0--8 h, 0--20 mM NaCl, and 0--5 mg AHA/L"
1338,RCWB-HP,ionic_strength_pattern,Q_e_at_equilibrium_condition,within_source_reported_range,source_supported_zero_DOM_candidate,nonnegative_capacity,2.4_batch_adsorption_experiments,source_order_candidate_pending_figure_or_table_row_confirmation,"source methods and contiguous workbook block order; source reports pH 3--11, initial concentration 1--10 mg/L, 0--8 h, 0--20 mM NaCl, and 0--5 mg AHA/L"
1339,RCWB-HP,ionic_strength_pattern,Q_e_at_equilibrium_condition,within_source_reported_range,source_supported_zero_DOM_candidate,nonnegative_capacity,2.4_batch_adsorption_experiments,source_order_candidate_pending_figure_or_table_row_confirmation,"source methods and contiguous workbook block order; source reports pH 3--11, initial concentration 1--10 mg/L, 0--8 h, 0--20 mM NaCl, and 0--5 mg AHA/L"
1340,RCWB-HP,ionic_strength_pattern,Q_e_at_equilibrium_condition,within_source_reported_range,source_supported_zero_DOM_candidate,nonnegative_capacity,2.4_batch_adsorption_experiments,source_order_candidate_pending_figure_or_table_row_confirmation,"source methods and contiguous workbook block order; source reports pH 3--11, initial concentration 1--10 mg/L, 0--8 h, 0--20 mM NaCl, and 0--5 mg AHA/L"
1341,RCWB-HP,ionic_strength_pattern,Q_e_at_equilibrium_condition,within_source_reported_range,source_supported_zero_DOM_candidate,nonnegative_capacity,2.4_batch_adsorption_experiments,source_order_candidate_pending_figure_or_table_row_confirmation,"source methods and contiguous workbook block order; source reports pH 3--11, initial concentration 1--10 mg/L, 0--8 h, 0--20 mM NaCl, and 0--5 mg AHA/L"
1342,RCWB-HP,ionic_strength_pattern,Q_e_at_equilibrium_condition,within_source_reported_range,source_supported_zero_DOM_candidate,nonnegative_capacity,2.4_batch_adsorption_experiments,source_order_candidate_pending_figure_or_table_row_confirmation,"source methods and contiguous workbook block order; source reports pH 3--11, initial concentration 1--10 mg/L, 0--8 h, 0--20 mM NaCl, and 0--5 mg AHA/L"
1343,RCWB-HP,ionic_strength_pattern,Q_e_at_equilibrium_condition,within_source_reported_range,source_supported_zero_DOM_candidate,nonnegative_capacity,2.4_batch_adsorption_experiments,source_order_candidate_pending_figure_or_table_row_confirmation,"source methods and contiguous workbook block order; source reports pH 3--11, initial concentration 1--10 mg/L, 0--8 h, 0--20 mM NaCl, and 0--5 mg AHA/L"
1344,RCWB-HP,ionic_strength_pattern,Q_e_at_equilibrium_condition,within_source_reported_range,source_supported_zero_DOM_candidate,nonnegative_capacity,2.4_batch_adsorption_experiments,source_order_candidate_pending_figure_or_table_row_confirmation,"source methods and contiguous workbook block order; source reports pH 3--11, initial concentration 1--10 mg/L, 0--8 h, 0--20 mM NaCl, and 0--5 mg AHA/L"
1345,RCWB-HP,ionic_strength_pattern,Q_e_at_equilibrium_condition,within_source_reported_range,source_supported_zero_DOM_candidate,nonnegative_capacity,2.4_batch_adsorption_experiments,source_order_candidate_pending_figure_or_table_row_confirmation,"source methods and contiguous workbook block order; source reports pH 3--11, initial concentration 1--10 mg/L, 0--8 h, 0--20 mM NaCl, and 0--5 mg AHA/L"
1346,RCWB-HP,ionic_strength_pattern,Q_e_at_equilibrium_condition,within_source_reported_range,source_supported_zero_DOM_candidate,nonnegative_capacity,2.4_batch_adsorption_experiments,source_order_candidate_pending_figure_or_table_row_confirmation,"source methods and contiguous workbook block order; source reports pH 3--11, initial concentration 1--10 mg/L, 0--8 h, 0--20 mM NaCl, and 0--5 mg AHA/L"
1347,RCWB-HP,ionic_strength_pattern,Q_e_at_equilibrium_condition,within_source_reported_range,source_supported_zero_DOM_candidate,nonnegative_capacity,2.4_batch_adsorption_experiments,source_order_candidate_pending_figure_or_table_row_confirmation,"source methods and contiguous workbook block order; source reports pH 3--11, initial concentration 1--10 mg/L, 0--8 h, 0--20 mM NaCl, and 0--5 mg AHA/L"
1348,RCWB-HP,ionic_strength_pattern,Q_e_at_equilibrium_condition,within_source_reported_range,source_supported_zero_DOM_candidate,nonnegative_capacity,2.4_batch_adsorption_experiments,source_order_candidate_pending_figure_or_table_row_confirmation,"source methods and contiguous workbook block order; source reports pH 3--11, initial concentration 1--10 mg/L, 0--8 h, 0--20 mM NaCl, and 0--5 mg AHA/L"
1349,RCWB-HP,ionic_strength_pattern,Q_e_at_equilibrium_condition,within_source_reported_range,source_supported_zero_DOM_candidate,nonnegative_capacity,2.4_batch_adsorption_experiments,source_order_candidate_pending_figure_or_table_row_confirmation,"source methods and contiguous workbook block order; source reports pH 3--11, initial concentration 1--10 mg/L, 0--8 h, 0--20 mM NaCl, and 0--5 mg AHA/L"
1350,RCWB-HP,ionic_strength_pattern,Q_e_at_equilibrium_condition,within_source_reported_range,source_supported_zero_DOM_candidate,nonnegative_capacity,2.4_batch_adsorption_experiments,source_order_candidate_pending_figure_or_table_row_confirmation,"source methods and contiguous workbook block order; source reports pH 3--11, initial concentration 1--10 mg/L, 0--8 h, 0--20 mM NaCl, and 0--5 mg AHA/L"
1351,RCWB-HP,ionic_strength_pattern,Q_e_at_equilibrium_condition,within_source_reported_range,source_supported_zero_DOM_candidate,nonnegative_capacity,2.4_batch_adsorption_experiments,source_order_candidate_pending_figure_or_table_row_confirmation,"source methods and contiguous workbook block order; source reports pH 3--11, initial concentration 1--10 mg/L, 0--8 h, 0--20 mM NaCl, and 0--5 mg AHA/L"
1352,RCWB-HP,ionic_strength_pattern,Q_e_at_equilibrium_condition,within_source_reported_range,source_supported_zero_DOM_candidate,nonnegative_capacity,2.4_batch_adsorption_experiments,source_order_candidate_pending_figure_or_table_row_confirmation,"source methods and contiguous workbook block order; source reports pH 3--11, initial concentration 1--10 mg/L, 0--8 h, 0--20 mM NaCl, and 0--5 mg AHA/L"
1353,RCWB-NHP,ionic_strength_pattern,Q_e_at_equilibrium_condition,within_source_reported_range,source_supported_zero_DOM_candidate,nonnegative_capacity,2.4_batch_adsorption_experiments,source_order_candidate_pending_figure_or_table_row_confirmation,"source methods and contiguous workbook block order; source reports pH 3--11, initial concentration 1--10 mg/L, 0--8 h, 0--20 mM NaCl, and 0--5 mg AHA/L"
1354,RCWB-NHP,ionic_strength_pattern,Q_e_at_equilibrium_condition,within_source_reported_range,source_supported_zero_DOM_candidate,nonnegative_capacity,2.4_batch_adsorption_experiments,source_order_candidate_pending_figure_or_table_row_confirmation,"source methods and contiguous workbook block order; source reports pH 3--11, initial concentration 1--10 mg/L, 0--8 h, 0--20 mM NaCl, and 0--5 mg AHA/L"
1355,RCWB-NHP,ionic_strength_pattern,Q_e_at_equilibrium_condition,within_source_reported_range,source_supported_zero_DOM_candidate,nonnegative_capacity,2.4_batch_adsorption_experiments,source_order_candidate_pending_figure_or_table_row_confirmation,"source methods and contiguous workbook block order; source reports pH 3--11, initial concentration 1--10 mg/L, 0--8 h, 0--20 mM NaCl, and 0--5 mg AHA/L"
1356,RCWB-NHP,ionic_strength_pattern,Q_e_at_equilibrium_condition,within_source_reported_range,source_supported_zero_DOM_candidate,nonnegative_capacity,2.4_batch_adsorption_experiments,source_order_candidate_pending_figure_or_table_row_confirmation,"source methods and contiguous workbook block order; source reports pH 3--11, initial concentration 1--10 mg/L, 0--8 h, 0--20 mM NaCl, and 0--5 mg AHA/L"
1357,RCWB-NHP,ionic_strength_pattern,Q_e_at_equilibrium_condition,within_source_reported_range,source_supported_zero_DOM_candidate,nonnegative_capacity,2.4_batch_adsorption_experiments,source_order_candidate_pending_figure_or_table_row_confirmation,"source methods and contiguous workbook block order; source reports pH 3--11, initial concentration 1--10 mg/L, 0--8 h, 0--20 mM NaCl, and 0--5 mg AHA/L"
1358,RCWB-NHP,ionic_strength_pattern,Q_e_at_equilibrium_condition,within_source_reported_range,source_supported_zero_DOM_candidate,nonnegative_capacity,2.4_batch_adsorption_experiments,source_order_candidate_pending_figure_or_table_row_confirmation,"source methods and contiguous workbook block order; source reports pH 3--11, initial concentration 1--10 mg/L, 0--8 h, 0--20 mM NaCl, and 0--5 mg AHA/L"
1359,RCWB-NHP,ionic_strength_pattern,Q_e_at_equilibrium_condition,within_source_reported_range,source_supported_zero_DOM_candidate,nonnegative_capacity,2.4_batch_adsorption_experiments,source_order_candidate_pending_figure_or_table_row_confirmation,"source methods and contiguous workbook block order; source reports pH 3--11, initial concentration 1--10 mg/L, 0--8 h, 0--20 mM NaCl, and 0--5 mg AHA/L"
1360,RCWB-NHP,ionic_strength_pattern,Q_e_at_equilibrium_condition,within_source_reported_range,source_supported_zero_DOM_candidate,nonnegative_capacity,2.4_batch_adsorption_experiments,source_order_candidate_pending_figure_or_table_row_confirmation,"source methods and contiguous workbook block order; source reports pH 3--11, initial concentration 1--10 mg/L, 0--8 h, 0--20 mM NaCl, and 0--5 mg AHA/L"
1361,RCWB-NHP,ionic_strength_pattern,Q_e_at_equilibrium_condition,within_source_reported_range,source_supported_zero_DOM_candidate,nonnegative_capacity,2.4_batch_adsorption_experiments,source_order_candidate_pending_figure_or_table_row_confirmation,"source methods and contiguous workbook block order; source reports pH 3--11, initial concentration 1--10 mg/L, 0--8 h, 0--20 mM NaCl, and 0--5 mg AHA/L"
1362,RCWB-NHP,ionic_strength_pattern,Q_e_at_equilibrium_condition,within_source_reported_range,source_supported_zero_DOM_candidate,nonnegative_capacity,2.4_batch_adsorption_experiments,source_order_candidate_pending_figure_or_table_row_confirmation,"source methods and contiguous workbook block order; source reports pH 3--11, initial concentration 1--10 mg/L, 0--8 h, 0--20 mM NaCl, and 0--5 mg AHA/L"
1363,RCWB-NHP,ionic_strength_pattern,Q_e_at_equilibrium_condition,within_source_reported_range,source_supported_zero_DOM_candidate,nonnegative_capacity,2.4_batch_adsorption_experiments,source_order_candidate_pending_figure_or_table_row_confirmation,"source methods and contiguous workbook block order; source reports pH 3--11, initial concentration 1--10 mg/L, 0--8 h, 0--20 mM NaCl, and 0--5 mg AHA/L"
1364,RCWB-NHP,ionic_strength_pattern,Q_e_at_equilibrium_condition,within_source_reported_range,source_supported_zero_DOM_candidate,nonnegative_capacity,2.4_batch_adsorption_experiments,source_order_candidate_pending_figure_or_table_row_confirmation,"source methods and contiguous workbook block order; source reports pH 3--11, initial concentration 1--10 mg/L, 0--8 h, 0--20 mM NaCl, and 0--5 mg AHA/L"
1365,RCWB-NHP,ionic_strength_pattern,Q_e_at_equilibrium_condition,within_source_reported_range,source_supported_zero_DOM_candidate,nonnegative_capacity,2.4_batch_adsorption_experiments,source_order_candidate_pending_figure_or_table_row_confirmation,"source methods and contiguous workbook block order; source reports pH 3--11, initial concentration 1--10 mg/L, 0--8 h, 0--20 mM NaCl, and 0--5 mg AHA/L"
1366,RCWB-NHP,ionic_strength_pattern,Q_e_at_equilibrium_condition,within_source_reported_range,source_supported_zero_DOM_candidate,nonnegative_capacity,2.4_batch_adsorption_experiments,source_order_candidate_pending_figure_or_table_row_confirmation,"source methods and contiguous workbook block order; source reports pH 3--11, initial concentration 1--10 mg/L, 0--8 h, 0--20 mM NaCl, and 0--5 mg AHA/L"
1367,RCWB-NHP,ionic_strength_pattern,Q_e_at_equilibrium_condition,within_source_reported_range,source_supported_zero_DOM_candidate,nonnegative_capacity,2.4_batch_adsorption_experiments,source_order_candidate_pending_figure_or_table_row_confirmation,"source methods and contiguous workbook block order; source reports pH 3--11, initial concentration 1--10 mg/L, 0--8 h, 0--20 mM NaCl, and 0--5 mg AHA/L"
1368,RCWB-P,DOM_pattern,Q_e_at_equilibrium_condition,within_source_reported_range,source_supported_5_mg_AHA_per_L_candidate,nonnegative_capacity,2.4_batch_adsorption_experiments,source_order_candidate_pending_figure_or_table_row_confirmation,"source methods and contiguous workbook block order; source reports pH 3--11, initial concentration 1--10 mg/L, 0--8 h, 0--20 mM NaCl, and 0--5 mg AHA/L"
1369,RCWB-P,DOM_pattern,Q_e_at_equilibrium_condition,within_source_reported_range,source_supported_5_mg_AHA_per_L_candidate,nonnegative_capacity,2.4_batch_adsorption_experiments,source_order_candidate_pending_figure_or_table_row_confirmation,"source methods and contiguous workbook block order; source reports pH 3--11, initial concentration 1--10 mg/L, 0--8 h, 0--20 mM NaCl, and 0--5 mg AHA/L"
1370,RCWB-P,DOM_pattern,Q_e_at_equilibrium_condition,within_source_reported_range,source_supported_5_mg_AHA_per_L_candidate,nonnegative_capacity,2.4_batch_adsorption_experiments,source_order_candidate_pending_figure_or_table_row_confirmation,"source methods and contiguous workbook block order; source reports pH 3--11, initial concentration 1--10 mg/L, 0--8 h, 0--20 mM NaCl, and 0--5 mg AHA/L"
1371,RCWB-HP,DOM_pattern,Q_e_at_equilibrium_condition,within_source_reported_range,source_supported_5_mg_AHA_per_L_candidate,nonnegative_capacity,2.4_batch_adsorption_experiments,source_order_candidate_pending_figure_or_table_row_confirmation,"source methods and contiguous workbook block order; source reports pH 3--11, initial concentration 1--10 mg/L, 0--8 h, 0--20 mM NaCl, and 0--5 mg AHA/L"
1372,RCWB-HP,DOM_pattern,Q_e_at_equilibrium_condition,within_source_reported_range,source_supported_5_mg_AHA_per_L_candidate,nonnegative_capacity,2.4_batch_adsorption_experiments,source_order_candidate_pending_figure_or_table_row_confirmation,"source methods and contiguous workbook block order; source reports pH 3--11, initial concentration 1--10 mg/L, 0--8 h, 0--20 mM NaCl, and 0--5 mg AHA/L"
1373,RCWB-HP,DOM_pattern,Q_e_at_equilibrium_condition,within_source_reported_range,source_supported_5_mg_AHA_per_L_candidate,nonnegative_capacity,2.4_batch_adsorption_experiments,source_order_candidate_pending_figure_or_table_row_confirmation,"source methods and contiguous workbook block order; source reports pH 3--11, initial concentration 1--10 mg/L, 0--8 h, 0--20 mM NaCl, and 0--5 mg AHA/L"
1374,RCWB-NHP,DOM_pattern,Q_e_at_equilibrium_condition,within_source_reported_range,source_supported_5_mg_AHA_per_L_candidate,nonnegative_capacity,2.4_batch_adsorption_experiments,source_order_candidate_pending_figure_or_table_row_confirmation,"source methods and contiguous workbook block order; source reports pH 3--11, initial concentration 1--10 mg/L, 0--8 h, 0--20 mM NaCl, and 0--5 mg AHA/L"
1375,RCWB-NHP,DOM_pattern,Q_e_at_equilibrium_condition,within_source_reported_range,source_supported_5_mg_AHA_per_L_candidate,nonnegative_capacity,2.4_batch_adsorption_experiments,source_order_candidate_pending_figure_or_table_row_confirmation,"source methods and contiguous workbook block order; source reports pH 3--11, initial concentration 1--10 mg/L, 0--8 h, 0--20 mM NaCl, and 0--5 mg AHA/L"
1376,RCWB-NHP,DOM_pattern,Q_e_at_equilibrium_condition,within_source_reported_range,source_supported_5_mg_AHA_per_L_candidate,nonnegative_capacity,2.4_batch_adsorption_experiments,source_order_candidate_pending_figure_or_table_row_confirmation,"source methods and contiguous workbook block order; source reports pH 3--11, initial concentration 1--10 mg/L, 0--8 h, 0--20 mM NaCl, and 0--5 mg AHA/L"
